[(5, 6)]
[(5, 7)]
[(5, 8)]
[(5, 9)]
[(5, 10)]
[(5, 11)]
[(6, 11)]
[(7, 11)]
[(7, 12), (8, 11)]
[(7, 13), (8, 11)]
[(7, 14), (8, 11), (8, 13)]
[(7, 15), (8, 11), (8, 13)]
[(8, 15), (6, 15), (8, 13), (8, 11)]
[(9, 15), (6, 15), (8, 13), (8, 11)]
[(9, 16), (9, 14), (8, 13), (8, 11), (6, 15)]
[(9, 17), (9, 14), (8, 13), (8, 11), (6, 15)]
[(9, 18), (9, 14), (8, 17), (8, 11), (6, 15), (8, 13)]
[(9, 19), (9, 14), (8, 17), (8, 11), (6, 15), (8, 13)]
[(10, 19), (9, 14), (8, 19), (8, 11), (6, 15), (8, 13), (8, 17)]
[(11, 19), (9, 14), (8, 19), (8, 11), (6, 15), (8, 13), (8, 17)]
[(11, 20), (11, 18), (8, 19), (9, 14), (6, 15), (8, 13), (8, 17), (8, 11)]
[(11, 21), (11, 18), (8, 19), (9, 14), (6, 15), (8, 13), (8, 17), (8, 11)]
[(10, 21), (11, 18), (8, 19), (9, 14), (6, 15), (8, 13), (8, 17), (8, 11)]
[(9, 21), (11, 18), (8, 19), (9, 14), (6, 15), (8, 13), (8, 17), (8, 11)]
[(9, 22), (11, 18), (8, 19), (9, 14), (6, 15), (8, 13), (8, 17), (8, 11)]
[(9, 23), (11, 18), (8, 19), (9, 14), (6, 15), (8, 13), (8, 17), (8, 11)]
[(10, 23), (11, 18), (8, 19), (9, 14), (6, 15), (8, 13), (8, 17), (8, 11)]
[(11, 23), (11, 18), (8, 19), (9, 14), (6, 15), (8, 13), (8, 17), (8, 11)]
[(12, 23), (11, 18), (8, 19), (9, 14), (6, 15), (8, 13), (8, 17), (8, 11)]
[(13, 23), (11, 18), (8, 19), (9, 14), (6, 15), (8, 13), (8, 17), (8, 11)]
[(13, 24), (11, 18), (8, 19), (9, 14), (6, 15), (8, 13), (8, 17), (8, 11)]
[(13, 25), (14, 24), (8, 19), (11, 18), (6, 15), (8, 13), (8, 17), (8, 11), (9, 14)]
[(13, 26), (14, 24), (8, 19), (11, 18), (12, 25), (8, 13), (8, 17), (8, 11), (9, 14), (6, 15)]
[(13, 27), (14, 24), (8, 19), (11, 18), (12, 25), (8, 13), (8, 17), (8, 11), (9, 14), (6, 15)]
[(12, 27), (14, 24), (8, 19), (11, 18), (12, 25), (8, 13), (8, 17), (8, 11), (9, 14), (6, 15)]
[(11, 27), (14, 24), (8, 19), (11, 18), (12, 25), (8, 13), (8, 17), (8, 11), (9, 14), (6, 15)]
[(14, 24), (10, 27), (8, 19), (11, 18), (12, 25), (8, 13), (8, 17), (8, 11), (9, 14), (6, 15)]
[(15, 24), (10, 27), (8, 19), (11, 18), (12, 25), (8, 13), (8, 17), (8, 11), (9, 14), (6, 15)]
[(15, 25), (15, 23), (8, 19), (11, 18), (10, 27), (8, 13), (8, 17), (8, 11), (9, 14), (6, 15), (12, 25)]
[(15, 26), (15, 23), (8, 19), (11, 18), (10, 27), (8, 13), (8, 17), (8, 11), (9, 14), (6, 15), (12, 25)]
[(15, 27), (15, 23), (8, 19), (11, 18), (10, 27), (8, 13), (8, 17), (8, 11), (9, 14), (6, 15), (12, 25)]
[(15, 28), (15, 23), (8, 19), (11, 18), (10, 27), (8, 13), (8, 17), (8, 11), (9, 14), (6, 15), (12, 25)]
[(15, 29), (15, 23), (8, 19), (11, 18), (10, 27), (8, 13), (8, 17), (8, 11), (9, 14), (6, 15), (12, 25)]
[(15, 30), (15, 23), (8, 19), (11, 18), (10, 27), (8, 13), (8, 17), (8, 11), (9, 14), (6, 15), (12, 25)]
[(15, 31), (15, 23), (8, 19), (11, 18), (10, 27), (8, 13), (8, 17), (8, 11), (9, 14), (6, 15), (12, 25)]
[(16, 31), (15, 23), (14, 31), (11, 18), (10, 27), (8, 19), (8, 17), (8, 11), (9, 14), (6, 15), (12, 25), (8, 13)]
[(17, 31), (15, 23), (14, 31), (11, 18), (10, 27), (8, 19), (8, 17), (8, 11), (9, 14), (6, 15), (12, 25), (8, 13)]
[(17, 30), (15, 23), (14, 31), (11, 18), (10, 27), (8, 19), (8, 17), (8, 11), (9, 14), (6, 15), (12, 25), (8, 13)]
[(17, 29), (15, 23), (14, 31), (11, 18), (10, 27), (8, 19), (8, 17), (8, 11), (9, 14), (6, 15), (12, 25), (8, 13)]
[(18, 29), (15, 23), (17, 28), (11, 18), (10, 27), (14, 31), (8, 17), (8, 11), (9, 14), (6, 15), (12, 25), (8, 13), (8, 19)]
[(19, 29), (15, 23), (17, 28), (11, 18), (10, 27), (14, 31), (8, 17), (8, 11), (9, 14), (6, 15), (12, 25), (8, 13), (8, 19)]
[(19, 30), (15, 23), (17, 28), (11, 18), (10, 27), (14, 31), (8, 17), (8, 11), (9, 14), (6, 15), (12, 25), (8, 13), (8, 19)]
[(19, 31), (15, 23), (17, 28), (11, 18), (10, 27), (14, 31), (8, 17), (8, 11), (9, 14), (6, 15), (12, 25), (8, 13), (8, 19)]
[(20, 31), (15, 23), (17, 28), (11, 18), (10, 27), (14, 31), (8, 17), (8, 11), (9, 14), (6, 15), (12, 25), (8, 13), (8, 19)]
[(21, 31), (15, 23), (17, 28), (11, 18), (10, 27), (14, 31), (8, 17), (8, 11), (9, 14), (6, 15), (12, 25), (8, 13), (8, 19)]
[(21, 30), (15, 23), (22, 31), (11, 18), (10, 27), (14, 31), (17, 28), (8, 11), (9, 14), (6, 15), (12, 25), (8, 13), (8, 19), (8, 17)]
[(22, 31), (15, 23), (21, 29), (11, 18), (10, 27), (14, 31), (17, 28), (8, 11), (9, 14), (6, 15), (12, 25), (8, 13), (8, 19), (8, 17)]
[(23, 31), (15, 23), (21, 29), (11, 18), (10, 27), (14, 31), (17, 28), (8, 11), (9, 14), (6, 15), (12, 25), (8, 13), (8, 19), (8, 17)]
[(23, 30), (15, 23), (21, 29), (11, 18), (10, 27), (14, 31), (17, 28), (8, 11), (9, 14), (6, 15), (12, 25), (8, 13), (8, 19), (8, 17)]
[(23, 29), (15, 23), (21, 29), (11, 18), (10, 27), (14, 31), (17, 28), (8, 11), (9, 14), (6, 15), (12, 25), (8, 13), (8, 19), (8, 17)]
[(24, 29), (22, 29), (23, 28), (15, 23), (10, 27), (14, 31), (21, 29), (11, 18), (9, 14), (6, 15), (12, 25), (8, 13), (8, 19), (8, 17), (17, 28), (8, 11)]
[(25, 29), (22, 29), (23, 28), (15, 23), (10, 27), (14, 31), (21, 29), (11, 18), (9, 14), (6, 15), (12, 25), (8, 13), (8, 19), (8, 17), (17, 28), (8, 11)]
[(25, 30), (25, 28), (23, 28), (22, 29), (10, 27), (14, 31), (21, 29), (15, 23), (9, 14), (6, 15), (12, 25), (8, 13), (8, 19), (8, 17), (17, 28), (8, 11), (11, 18)]
[(25, 31), (25, 28), (23, 28), (22, 29), (10, 27), (14, 31), (21, 29), (15, 23), (9, 14), (6, 15), (12, 25), (8, 13), (8, 19), (8, 17), (17, 28), (8, 11), (11, 18)]
[(26, 31), (25, 28), (23, 28), (22, 29), (10, 27), (14, 31), (21, 29), (15, 23), (9, 14), (6, 15), (12, 25), (8, 13), (8, 19), (8, 17), (17, 28), (8, 11), (11, 18)]
[(27, 31), (25, 28), (23, 28), (22, 29), (10, 27), (14, 31), (21, 29), (15, 23), (9, 14), (6, 15), (12, 25), (8, 13), (8, 19), (8, 17), (17, 28), (8, 11), (11, 18)]
[(28, 31), (25, 28), (23, 28), (22, 29), (10, 27), (14, 31), (21, 29), (15, 23), (9, 14), (6, 15), (12, 25), (8, 13), (8, 19), (8, 17), (17, 28), (8, 11), (11, 18)]
[(29, 31), (25, 28), (23, 28), (22, 29), (10, 27), (14, 31), (21, 29), (15, 23), (9, 14), (6, 15), (12, 25), (8, 13), (8, 19), (8, 17), (17, 28), (8, 11), (11, 18)]
[(29, 30), (25, 28), (23, 28), (22, 29), (10, 27), (14, 31), (21, 29), (15, 23), (9, 14), (6, 15), (12, 25), (8, 13), (8, 19), (8, 17), (17, 28), (8, 11), (11, 18)]
[(29, 29), (25, 28), (23, 28), (22, 29), (10, 27), (14, 31), (21, 29), (15, 23), (9, 14), (6, 15), (12, 25), (8, 13), (8, 19), (8, 17), (17, 28), (8, 11), (11, 18)]
[(28, 29), (25, 28), (23, 28), (22, 29), (10, 27), (14, 31), (21, 29), (15, 23), (9, 14), (6, 15), (12, 25), (8, 13), (8, 19), (8, 17), (17, 28), (8, 11), (11, 18)]
[(27, 29), (25, 28), (23, 28), (22, 29), (10, 27), (14, 31), (21, 29), (15, 23), (9, 14), (6, 15), (12, 25), (8, 13), (8, 19), (8, 17), (17, 28), (8, 11), (11, 18)]
[(27, 28), (25, 28), (23, 28), (22, 29), (10, 27), (14, 31), (21, 29), (15, 23), (9, 14), (6, 15), (12, 25), (8, 13), (8, 19), (8, 17), (17, 28), (8, 11), (11, 18)]
[(27, 27), (25, 28), (23, 28), (22, 29), (10, 27), (14, 31), (21, 29), (15, 23), (9, 14), (6, 15), (12, 25), (8, 13), (8, 19), (8, 17), (17, 28), (8, 11), (11, 18)]
[(25, 28), (22, 29), (23, 28), (15, 23), (10, 27), (14, 31), (21, 29), (11, 18), (9, 14), (6, 15), (12, 25), (8, 13), (8, 19), (8, 17), (17, 28), (8, 11)]
[(25, 27), (22, 29), (23, 28), (15, 23), (10, 27), (14, 31), (21, 29), (11, 18), (9, 14), (6, 15), (12, 25), (8, 13), (8, 19), (8, 17), (17, 28), (8, 11)]
[(22, 29), (24, 27), (23, 28), (25, 26), (10, 27), (14, 31), (21, 29), (15, 23), (9, 14), (6, 15), (12, 25), (8, 13), (8, 19), (8, 17), (17, 28), (8, 11), (11, 18)]
[(23, 28), (24, 27), (21, 29), (25, 26), (10, 27), (14, 31), (17, 28), (15, 23), (9, 14), (6, 15), (12, 25), (8, 13), (8, 19), (8, 17), (11, 18), (8, 11)]
[(24, 27), (25, 26), (21, 29), (23, 27), (10, 27), (14, 31), (17, 28), (15, 23), (9, 14), (6, 15), (12, 25), (8, 13), (8, 19), (8, 17), (11, 18), (8, 11)]
[(25, 26), (23, 27), (21, 29), (15, 23), (10, 27), (14, 31), (17, 28), (8, 11), (9, 14), (6, 15), (12, 25), (8, 13), (8, 19), (8, 17), (11, 18)]
[(26, 26), (23, 27), (21, 29), (25, 25), (10, 27), (14, 31), (17, 28), (15, 23), (9, 14), (6, 15), (12, 25), (8, 13), (8, 19), (8, 17), (11, 18), (8, 11)]
[(21, 29), (23, 27), (17, 28), (25, 25), (10, 27), (14, 31), (11, 18), (15, 23), (9, 14), (6, 15), (12, 25), (8, 13), (8, 19), (8, 17), (8, 11)]
[(23, 27), (25, 25), (17, 28), (15, 23), (10, 27), (14, 31), (11, 18), (8, 11), (9, 14), (6, 15), (12, 25), (8, 13), (8, 19), (8, 17)]
[(25, 25), (15, 23), (17, 28), (8, 17), (10, 27), (14, 31), (11, 18), (8, 11), (9, 14), (6, 15), (12, 25), (8, 13), (8, 19)]
[(17, 28), (15, 23), (14, 31), (8, 17), (10, 27), (8, 19), (11, 18), (8, 11), (9, 14), (6, 15), (12, 25), (8, 13)]
[(17, 27), (15, 23), (14, 31), (8, 17), (10, 27), (11, 18), (8, 13), (8, 11), (9, 14), (6, 15), (12, 25), (8, 19)]
[(14, 31), (15, 23), (17, 26), (8, 17), (10, 27), (11, 18), (8, 13), (8, 11), (9, 14), (6, 15), (12, 25), (8, 19)]
[(17, 26), (15, 23), (13, 31), (8, 17), (10, 27), (11, 18), (8, 13), (8, 11), (9, 14), (6, 15), (12, 25), (8, 19)]
[(13, 31), (15, 23), (17, 25), (8, 17), (10, 27), (11, 18), (8, 13), (8, 11), (9, 14), (6, 15), (12, 25), (8, 19)]
[(13, 30), (15, 23), (17, 25), (8, 17), (10, 27), (11, 18), (8, 13), (8, 11), (9, 14), (6, 15), (12, 25), (8, 19)]
[(13, 29), (15, 23), (17, 25), (8, 17), (10, 27), (11, 18), (8, 13), (8, 11), (9, 14), (6, 15), (12, 25), (8, 19)]
[(17, 25), (15, 23), (12, 29), (8, 17), (10, 27), (11, 18), (8, 13), (8, 11), (9, 14), (6, 15), (12, 25), (8, 19)]
[(12, 29), (15, 23), (11, 18), (8, 17), (10, 27), (8, 19), (8, 13), (8, 11), (9, 14), (6, 15), (12, 25)]
[(11, 29), (15, 23), (11, 18), (8, 17), (10, 27), (8, 19), (8, 13), (8, 11), (9, 14), (6, 15), (12, 25)]
[(11, 30), (15, 23), (11, 18), (8, 17), (10, 27), (8, 19), (8, 13), (8, 11), (9, 14), (6, 15), (12, 25)]
[(11, 31), (15, 23), (11, 18), (8, 17), (10, 27), (8, 19), (8, 13), (8, 11), (9, 14), (6, 15), (12, 25)]
[(10, 31), (15, 23), (11, 18), (8, 17), (10, 27), (8, 19), (8, 13), (8, 11), (9, 14), (6, 15), (12, 25)]
[(9, 31), (15, 23), (11, 18), (8, 17), (10, 27), (8, 19), (8, 13), (8, 11), (9, 14), (6, 15), (12, 25)]
[(9, 30), (15, 23), (11, 18), (8, 17), (10, 27), (8, 19), (8, 13), (8, 11), (9, 14), (6, 15), (12, 25)]
[(9, 29), (15, 23), (11, 18), (8, 17), (10, 27), (8, 19), (8, 13), (8, 11), (9, 14), (6, 15), (12, 25)]
[(15, 23), (8, 29), (11, 18), (8, 17), (10, 27), (8, 19), (8, 13), (8, 11), (9, 14), (6, 15), (12, 25)]
[(16, 23), (8, 29), (11, 18), (8, 17), (10, 27), (8, 19), (8, 13), (8, 11), (9, 14), (6, 15), (12, 25)]
[(17, 23), (8, 29), (11, 18), (8, 17), (10, 27), (8, 19), (8, 13), (8, 11), (9, 14), (6, 15), (12, 25)]
[(18, 23), (8, 29), (11, 18), (8, 17), (10, 27), (8, 19), (8, 13), (8, 11), (9, 14), (6, 15), (12, 25)]
[(19, 23), (8, 29), (11, 18), (8, 17), (10, 27), (8, 19), (8, 13), (8, 11), (9, 14), (6, 15), (12, 25)]
[(19, 24), (8, 29), (11, 18), (8, 17), (10, 27), (8, 19), (8, 13), (8, 11), (9, 14), (6, 15), (12, 25)]
[(19, 25), (8, 29), (11, 18), (8, 17), (10, 27), (8, 19), (8, 13), (8, 11), (9, 14), (6, 15), (12, 25)]
[(19, 26), (8, 29), (11, 18), (8, 17), (10, 27), (8, 19), (8, 13), (8, 11), (9, 14), (6, 15), (12, 25)]
[(19, 27), (8, 29), (20, 26), (8, 17), (10, 27), (11, 18), (8, 13), (8, 11), (9, 14), (6, 15), (12, 25), (8, 19)]
[(20, 27), (8, 29), (20, 26), (8, 17), (10, 27), (11, 18), (8, 13), (8, 11), (9, 14), (6, 15), (12, 25), (8, 19)]
[(21, 27), (8, 29), (20, 26), (8, 17), (10, 27), (11, 18), (8, 13), (8, 11), (9, 14), (6, 15), (12, 25), (8, 19)]
[(21, 26), (8, 29), (20, 26), (8, 17), (10, 27), (11, 18), (8, 13), (8, 11), (9, 14), (6, 15), (12, 25), (8, 19)]
[(20, 26), (8, 29), (21, 25), (8, 17), (10, 27), (11, 18), (8, 13), (8, 11), (9, 14), (6, 15), (12, 25), (8, 19)]
[(21, 25), (8, 29), (11, 18), (8, 17), (10, 27), (8, 19), (8, 13), (8, 11), (9, 14), (6, 15), (12, 25)]
[(22, 25), (8, 29), (11, 18), (8, 17), (10, 27), (8, 19), (8, 13), (8, 11), (9, 14), (6, 15), (12, 25)]
[(23, 25), (8, 29), (11, 18), (8, 17), (10, 27), (8, 19), (8, 13), (8, 11), (9, 14), (6, 15), (12, 25)]
[(23, 24), (8, 29), (11, 18), (8, 17), (10, 27), (8, 19), (8, 13), (8, 11), (9, 14), (6, 15), (12, 25)]
[(23, 23), (8, 29), (11, 18), (8, 17), (10, 27), (8, 19), (8, 13), (8, 11), (9, 14), (6, 15), (12, 25)]
[(24, 23), (8, 29), (11, 18), (8, 17), (10, 27), (8, 19), (8, 13), (8, 11), (9, 14), (6, 15), (12, 25)]
[(25, 23), (8, 29), (11, 18), (8, 17), (10, 27), (8, 19), (8, 13), (8, 11), (9, 14), (6, 15), (12, 25)]
[(26, 23), (8, 29), (11, 18), (8, 17), (10, 27), (8, 19), (8, 13), (8, 11), (9, 14), (6, 15), (12, 25)]
[(27, 23), (8, 29), (11, 18), (8, 17), (10, 27), (8, 19), (8, 13), (8, 11), (9, 14), (6, 15), (12, 25)]
[(27, 24), (8, 29), (11, 18), (8, 17), (10, 27), (8, 19), (8, 13), (8, 11), (9, 14), (6, 15), (12, 25)]
[(27, 25), (8, 29), (11, 18), (8, 17), (10, 27), (8, 19), (8, 13), (8, 11), (9, 14), (6, 15), (12, 25)]
[(28, 25), (8, 29), (11, 18), (8, 17), (10, 27), (8, 19), (8, 13), (8, 11), (9, 14), (6, 15), (12, 25)]
[(29, 25), (8, 29), (11, 18), (8, 17), (10, 27), (8, 19), (8, 13), (8, 11), (9, 14), (6, 15), (12, 25)]
[(29, 26), (8, 29), (11, 18), (8, 17), (10, 27), (8, 19), (8, 13), (8, 11), (9, 14), (6, 15), (12, 25)]
[(29, 27), (8, 29), (11, 18), (8, 17), (10, 27), (8, 19), (8, 13), (8, 11), (9, 14), (6, 15), (12, 25)]
[(30, 27), (8, 29), (11, 18), (8, 17), (10, 27), (8, 19), (8, 13), (8, 11), (9, 14), (6, 15), (12, 25)]
[(31, 27), (8, 29), (11, 18), (8, 17), (10, 27), (8, 19), (8, 13), (8, 11), (9, 14), (6, 15), (12, 25)]
[(31, 28), (8, 29), (11, 18), (8, 17), (10, 27), (8, 19), (8, 13), (8, 11), (9, 14), (6, 15), (12, 25)]
[(31, 29), (8, 29), (11, 18), (8, 17), (10, 27), (8, 19), (8, 13), (8, 11), (9, 14), (6, 15), (12, 25)]
[(31, 30), (8, 29), (11, 18), (8, 17), (10, 27), (8, 19), (8, 13), (8, 11), (9, 14), (6, 15), (12, 25)]
[(31, 31), (8, 29), (11, 18), (8, 17), (10, 27), (8, 19), (8, 13), (8, 11), (9, 14), (6, 15), (12, 25)]
[(32, 31), (8, 29), (11, 18), (8, 17), (10, 27), (8, 19), (8, 13), (8, 11), (9, 14), (6, 15), (12, 25)]
[(33, 31), (8, 29), (11, 18), (8, 17), (10, 27), (8, 19), (8, 13), (8, 11), (9, 14), (6, 15), (12, 25)]
[(33, 30), (8, 29), (11, 18), (8, 17), (10, 27), (8, 19), (8, 13), (8, 11), (9, 14), (6, 15), (12, 25)]
[(33, 29), (8, 29), (11, 18), (8, 17), (10, 27), (8, 19), (8, 13), (8, 11), (9, 14), (6, 15), (12, 25)]
[(34, 29), (8, 29), (11, 18), (8, 17), (10, 27), (8, 19), (8, 13), (8, 11), (9, 14), (6, 15), (12, 25)]
[(35, 29), (8, 29), (11, 18), (8, 17), (10, 27), (8, 19), (8, 13), (8, 11), (9, 14), (6, 15), (12, 25)]
[(35, 30), (8, 29), (11, 18), (8, 17), (10, 27), (8, 19), (8, 13), (8, 11), (9, 14), (6, 15), (12, 25)]
[(35, 31), (8, 29), (11, 18), (8, 17), (10, 27), (8, 19), (8, 13), (8, 11), (9, 14), (6, 15), (12, 25)]
[(36, 31), (8, 29), (11, 18), (8, 17), (10, 27), (8, 19), (8, 13), (8, 11), (9, 14), (6, 15), (12, 25)]
[(37, 31), (8, 29), (11, 18), (8, 17), (10, 27), (8, 19), (8, 13), (8, 11), (9, 14), (6, 15), (12, 25)]
[(38, 31), (8, 29), (11, 18), (8, 17), (10, 27), (8, 19), (8, 13), (8, 11), (9, 14), (6, 15), (12, 25)]
[(39, 31), (8, 29), (11, 18), (8, 17), (10, 27), (8, 19), (8, 13), (8, 11), (9, 14), (6, 15), (12, 25)]
[(39, 30), (8, 29), (40, 31), (8, 17), (10, 27), (11, 18), (8, 13), (8, 11), (9, 14), (6, 15), (12, 25), (8, 19)]
[(40, 31), (8, 29), (39, 29), (8, 17), (10, 27), (11, 18), (8, 13), (8, 11), (9, 14), (6, 15), (12, 25), (8, 19)]
[(41, 31), (8, 29), (39, 29), (8, 17), (10, 27), (11, 18), (8, 13), (8, 11), (9, 14), (6, 15), (12, 25), (8, 19)]
[(42, 31), (8, 29), (39, 29), (8, 17), (10, 27), (11, 18), (8, 13), (8, 11), (9, 14), (6, 15), (12, 25), (8, 19)]
[(43, 31), (8, 29), (39, 29), (8, 17), (10, 27), (11, 18), (8, 13), (8, 11), (9, 14), (6, 15), (12, 25), (8, 19)]
[(43, 30), (8, 29), (39, 29), (8, 17), (10, 27), (11, 18), (8, 13), (8, 11), (9, 14), (6, 15), (12, 25), (8, 19)]
[(43, 29), (8, 29), (39, 29), (8, 17), (10, 27), (11, 18), (8, 13), (8, 11), (9, 14), (6, 15), (12, 25), (8, 19)]
[(42, 29), (8, 29), (43, 28), (8, 17), (10, 27), (39, 29), (8, 13), (8, 11), (9, 14), (6, 15), (12, 25), (8, 19), (11, 18)]
[(43, 28), (8, 29), (41, 29), (8, 17), (10, 27), (39, 29), (8, 13), (8, 11), (9, 14), (6, 15), (12, 25), (8, 19), (11, 18)]
[(41, 29), (8, 29), (43, 27), (8, 17), (10, 27), (39, 29), (8, 13), (8, 11), (9, 14), (6, 15), (12, 25), (8, 19), (11, 18)]
[(43, 27), (8, 29), (41, 28), (8, 17), (10, 27), (39, 29), (8, 13), (8, 11), (9, 14), (6, 15), (12, 25), (8, 19), (11, 18)]
[(44, 27), (8, 29), (41, 28), (8, 17), (10, 27), (39, 29), (43, 26), (8, 11), (9, 14), (6, 15), (12, 25), (8, 19), (11, 18), (8, 13)]
[(45, 27), (8, 29), (41, 28), (8, 17), (10, 27), (39, 29), (43, 26), (8, 11), (9, 14), (6, 15), (12, 25), (8, 19), (11, 18), (8, 13)]
[(45, 26), (8, 29), (41, 28), (8, 17), (10, 27), (39, 29), (43, 26), (8, 11), (9, 14), (6, 15), (12, 25), (8, 19), (11, 18), (8, 13)]
[(45, 25), (8, 29), (41, 28), (8, 17), (10, 27), (39, 29), (43, 26), (8, 11), (9, 14), (6, 15), (12, 25), (8, 19), (11, 18), (8, 13)]
[(46, 25), (8, 29), (41, 28), (8, 17), (10, 27), (39, 29), (43, 26), (8, 11), (9, 14), (6, 15), (12, 25), (8, 19), (11, 18), (8, 13)]
[(47, 25), (8, 29), (41, 28), (8, 17), (10, 27), (39, 29), (43, 26), (8, 11), (9, 14), (6, 15), (12, 25), (8, 19), (11, 18), (8, 13)]
[(47, 26), (8, 29), (41, 28), (8, 17), (10, 27), (39, 29), (43, 26), (8, 11), (9, 14), (6, 15), (12, 25), (8, 19), (11, 18), (8, 13)]
[(47, 27), (8, 29), (41, 28), (8, 17), (10, 27), (39, 29), (43, 26), (8, 11), (9, 14), (6, 15), (12, 25), (8, 19), (11, 18), (8, 13)]
[(47, 28), (8, 29), (41, 28), (8, 17), (10, 27), (39, 29), (43, 26), (8, 11), (9, 14), (6, 15), (12, 25), (8, 19), (11, 18), (8, 13)]
[(47, 29), (8, 29), (46, 28), (8, 17), (10, 27), (39, 29), (41, 28), (8, 11), (9, 14), (6, 15), (12, 25), (8, 19), (11, 18), (8, 13), (43, 26)]
[(48, 29), (8, 29), (46, 28), (8, 17), (10, 27), (39, 29), (41, 28), (8, 11), (9, 14), (6, 15), (12, 25), (8, 19), (11, 18), (8, 13), (43, 26)]
[(49, 29), (8, 29), (46, 28), (8, 17), (10, 27), (39, 29), (41, 28), (8, 11), (9, 14), (6, 15), (12, 25), (8, 19), (11, 18), (8, 13), (43, 26)]
[(49, 30), (8, 29), (46, 28), (8, 17), (10, 27), (39, 29), (41, 28), (8, 11), (9, 14), (6, 15), (12, 25), (8, 19), (11, 18), (8, 13), (43, 26)]
[(50, 30), (49, 31), (46, 28), (8, 29), (10, 27), (39, 29), (41, 28), (8, 17), (9, 14), (6, 15), (12, 25), (8, 19), (11, 18), (8, 13), (43, 26), (8, 11)]
