[(12, 4)]
[(12, 5)]
[(13, 5)]
[(14, 5)]
[(14, 6)]
[(14, 7)]
[(15, 7)]
[(16, 7)]
[(16, 8)]
[(16, 9)]
[(16, 10)]
[(16, 11)]
[(17, 11)]
[(18, 11)]
[(18, 10)]
[(18, 9)]
[(18, 8)]
[(18, 7)]
[(18, 6)]
[(18, 5)]
[(17, 5)]
[(16, 5)]
[(16, 4)]
[(16, 3)]
[(17, 3)]
[(18, 3)]
[(19, 3)]
[(20, 3)]
[(21, 3)]
[(22, 3)]
[(22, 2)]
[(22, 1)]
[(21, 1)]
[(20, 1)]
[(19, 1)]
[(18, 1)]
[(17, 1)]
[(16, 1)]
[(15, 1)]
[(14, 1)]
[(14, 2), (13, 1)]
[(13, 1), (14, 3)]
[(13, 1)]
[(12, 1)]
[(11, 1)]
[(10, 1)]
[(9, 1)]
[(8, 1)]
[(8, 2)]
[(8, 3)]
[(9, 3), (7, 3)]
[(7, 3), (10, 3)]
[(7, 3), (10, 4)]
[(7, 3), (10, 5)]
[(7, 3), (9, 5)]
[(7, 3), (8, 5)]
[(7, 3), (7, 5)]
[(7, 3), (6, 5)]
[(7, 3), (6, 4), (5, 5)]
[(6, 4), (5, 5), (6, 3)]
[(5, 5), (6, 3)]
[(6, 3), (4, 5)]
[(4, 5), (6, 2)]
[(6, 2), (4, 6), (4, 4)]
[(6, 2), (4, 4), (4, 7)]
[(6, 2), (4, 4), (5, 7)]
[(6, 2), (4, 4), (6, 7)]
[(6, 2), (4, 4), (7, 7)]
[(6, 2), (4, 4), (8, 7)]
[(6, 2), (4, 4), (9, 7)]
[(6, 2), (4, 4), (10, 7)]
[(6, 2), (4, 4), (10, 8), (11, 7)]
[(11, 7), (6, 2), (4, 4), (10, 9)]
[(11, 7), (6, 2), (4, 4), (10, 10), (9, 9)]
[(11, 7), (9, 9), (6, 2), (4, 4), (10, 11)]
[(11, 7), (9, 9), (6, 2), (4, 4)]
[(9, 9), (6, 2), (4, 4), (12, 7)]
[(9, 9), (6, 2), (4, 4), (12, 8)]
[(9, 9), (6, 2), (4, 4), (12, 9)]
[(9, 9), (6, 2), (4, 4), (13, 9)]
[(9, 9), (6, 2), (4, 4), (14, 9)]
[(9, 9), (6, 2), (4, 4), (14, 10)]
[(9, 9), (6, 2), (4, 4), (14, 11)]
[(9, 9), (6, 2), (4, 4), (13, 11)]
[(9, 9), (6, 2), (4, 4), (12, 11)]
[(9, 9), (6, 2), (4, 4), (12, 12)]
[(9, 9), (6, 2), (4, 4), (12, 13)]
[(9, 9), (6, 2), (4, 4), (13, 13)]
[(9, 9), (6, 2), (4, 4), (14, 13)]
[(9, 9), (6, 2), (4, 4), (15, 13)]
[(9, 9), (6, 2), (4, 4), (16, 13)]
[(9, 9), (6, 2), (4, 4), (17, 13)]
[(9, 9), (6, 2), (4, 4), (18, 13)]
[(9, 9), (6, 2), (4, 4), (19, 13)]
[(9, 9), (6, 2), (4, 4), (20, 13)]
[(9, 9), (6, 2), (4, 4), (21, 13), (20, 12)]
[(20, 12), (9, 9), (6, 2), (4, 4), (22, 13)]
[(20, 12), (9, 9), (6, 2), (4, 4), (23, 13)]
[(20, 12), (9, 9), (6, 2), (4, 4), (24, 13)]
[(20, 12), (9, 9), (6, 2), (4, 4), (25, 13)]
[(20, 12), (9, 9), (6, 2), (4, 4), (26, 13)]
[(20, 12), (9, 9), (6, 2), (4, 4), (27, 13)]
[(20, 12), (9, 9), (6, 2), (4, 4), (28, 13), (27, 12)]
[(27, 12), (20, 12), (9, 9), (6, 2), (4, 4), (28, 14)]
[(27, 12), (20, 12), (9, 9), (6, 2), (4, 4), (28, 15)]
[(27, 12), (20, 12), (9, 9), (6, 2), (4, 4), (29, 15)]
[(27, 12), (20, 12), (9, 9), (6, 2), (4, 4), (30, 15)]
[(27, 12), (20, 12), (9, 9), (6, 2), (4, 4), (30, 16), (31, 15)]
[(31, 15), (27, 12), (20, 12), (9, 9), (6, 2), (4, 4), (30, 17)]
[(31, 15), (27, 12), (20, 12), (9, 9), (6, 2), (4, 4), (31, 17), (29, 17)]
[(31, 15), (29, 17), (27, 12), (20, 12), (9, 9), (6, 2), (4, 4), (32, 17)]
[(31, 15), (29, 17), (27, 12), (20, 12), (9, 9), (6, 2), (4, 4), (33, 17)]
[(31, 15), (29, 17), (27, 12), (20, 12), (9, 9), (6, 2), (4, 4), (34, 17)]
[(31, 15), (29, 17), (27, 12), (20, 12), (9, 9), (6, 2), (4, 4), (35, 17)]
[(31, 15), (29, 17), (27, 12), (20, 12), (9, 9), (6, 2), (4, 4), (36, 17), (35, 16)]
[(35, 16), (31, 15), (29, 17), (27, 12), (20, 12), (9, 9), (6, 2), (4, 4), (36, 16)]
[(35, 16), (31, 15), (29, 17), (27, 12), (20, 12), (9, 9), (6, 2), (4, 4), (37, 16), (36, 15)]
[(35, 16), (36, 15), (31, 15), (29, 17), (27, 12), (20, 12), (9, 9), (6, 2), (4, 4), (38, 16), (37, 15)]
[(37, 15), (35, 16), (36, 15), (31, 15), (29, 17), (27, 12), (20, 12), (9, 9), (6, 2), (4, 4), (38, 17), (38, 15)]
[(38, 15), (37, 15), (35, 16), (36, 15), (31, 15), (29, 17), (27, 12), (20, 12), (9, 9), (6, 2), (4, 4), (38, 18)]
[(38, 15), (37, 15), (35, 16), (36, 15), (31, 15), (29, 17), (27, 12), (20, 12), (9, 9), (6, 2), (4, 4), (38, 19)]
[(38, 15), (37, 15), (35, 16), (36, 15), (31, 15), (29, 17), (27, 12), (20, 12), (9, 9), (6, 2), (4, 4), (38, 20)]
[(38, 15), (37, 15), (35, 16), (36, 15), (31, 15), (29, 17), (27, 12), (20, 12), (9, 9), (6, 2), (4, 4), (38, 21)]
[(38, 15), (37, 15), (35, 16), (36, 15), (31, 15), (29, 17), (27, 12), (20, 12), (9, 9), (6, 2), (4, 4), (38, 22)]
[(38, 15), (37, 15), (35, 16), (36, 15), (31, 15), (29, 17), (27, 12), (20, 12), (9, 9), (6, 2), (4, 4), (38, 23)]
[(38, 15), (37, 15), (35, 16), (36, 15), (31, 15), (29, 17), (27, 12), (20, 12), (9, 9), (6, 2), (4, 4), (37, 23)]
[(38, 15), (37, 15), (35, 16), (36, 15), (31, 15), (29, 17), (27, 12), (20, 12), (9, 9), (6, 2), (4, 4), (36, 23)]
[(38, 15), (37, 15), (35, 16), (36, 15), (31, 15), (29, 17), (27, 12), (20, 12), (9, 9), (6, 2), (4, 4), (36, 22)]
[(38, 15), (37, 15), (35, 16), (36, 15), (31, 15), (29, 17), (27, 12), (20, 12), (9, 9), (6, 2), (4, 4), (36, 21)]
[(38, 15), (37, 15), (35, 16), (36, 15), (31, 15), (29, 17), (27, 12), (20, 12), (9, 9), (6, 2), (4, 4), (36, 20)]
[(38, 15), (37, 15), (35, 16), (36, 15), (31, 15), (29, 17), (27, 12), (20, 12), (9, 9), (6, 2), (4, 4), (36, 19)]
[(38, 15), (37, 15), (35, 16), (36, 15), (31, 15), (29, 17), (27, 12), (20, 12), (9, 9), (6, 2), (4, 4), (35, 19)]
[(38, 15), (37, 15), (35, 16), (36, 15), (31, 15), (29, 17), (27, 12), (20, 12), (9, 9), (6, 2), (4, 4), (34, 19)]
[(34, 19), (37, 15), (35, 16), (36, 15), (31, 15), (29, 17), (27, 12), (20, 12), (9, 9), (6, 2), (4, 4)]
[(37, 15), (35, 16), (36, 15), (31, 15), (29, 17), (27, 12), (20, 12), (9, 9), (6, 2), (4, 4), (33, 19)]
[(33, 19), (35, 16), (36, 15), (31, 15), (29, 17), (27, 12), (20, 12), (9, 9), (6, 2), (4, 4)]
[(35, 16), (36, 15), (31, 15), (29, 17), (27, 12), (20, 12), (9, 9), (6, 2), (4, 4), (32, 19)]
[(36, 15), (32, 19), (31, 15), (29, 17), (27, 12), (20, 12), (9, 9), (6, 2), (4, 4)]
[(32, 19), (31, 15), (29, 17), (27, 12), (20, 12), (9, 9), (6, 2), (4, 4)]
[(31, 15), (29, 17), (27, 12), (20, 12), (9, 9), (6, 2), (4, 4), (32, 20)]
[(31, 15), (29, 17), (27, 12), (20, 12), (9, 9), (6, 2), (4, 4), (32, 21), (31, 20)]
[(31, 20), (31, 15), (29, 17), (27, 12), (20, 12), (9, 9), (6, 2), (4, 4), (32, 22)]
[(31, 20), (31, 15), (29, 17), (27, 12), (20, 12), (9, 9), (6, 2), (4, 4), (32, 23)]
[(31, 20), (31, 15), (29, 17), (27, 12), (20, 12), (9, 9), (6, 2), (4, 4), (32, 24)]
[(31, 20), (31, 15), (29, 17), (27, 12), (20, 12), (9, 9), (6, 2), (4, 4), (32, 25)]
[(31, 20), (31, 15), (29, 17), (27, 12), (20, 12), (9, 9), (6, 2), (4, 4), (31, 25)]
[(31, 20), (31, 15), (29, 17), (27, 12), (20, 12), (9, 9), (6, 2), (4, 4), (30, 25)]
[(31, 20), (31, 15), (29, 17), (27, 12), (20, 12), (9, 9), (6, 2), (4, 4), (30, 24)]
[(31, 20), (31, 15), (29, 17), (27, 12), (20, 12), (9, 9), (6, 2), (4, 4), (30, 23)]
[(31, 20), (31, 15), (29, 17), (27, 12), (20, 12), (9, 9), (6, 2), (4, 4), (29, 23)]
[(31, 20), (31, 15), (29, 17), (27, 12), (20, 12), (9, 9), (6, 2), (4, 4), (28, 23)]
[(28, 23), (31, 15), (29, 17), (27, 12), (20, 12), (9, 9), (6, 2), (4, 4), (30, 20)]
[(30, 20), (31, 15), (29, 17), (27, 12), (20, 12), (9, 9), (6, 2), (4, 4), (27, 23)]
[(27, 23), (31, 15), (29, 17), (27, 12), (20, 12), (9, 9), (6, 2), (4, 4), (30, 21), (30, 19)]
[(27, 23), (30, 19), (31, 15), (29, 17), (27, 12), (20, 12), (9, 9), (6, 2), (4, 4), (29, 21)]
[(29, 21), (30, 19), (31, 15), (29, 17), (27, 12), (20, 12), (9, 9), (6, 2), (4, 4), (26, 23)]
[(30, 19), (26, 23), (31, 15), (29, 17), (27, 12), (20, 12), (9, 9), (6, 2), (4, 4), (28, 21)]
[(26, 23), (28, 21), (31, 15), (29, 17), (27, 12), (20, 12), (9, 9), (6, 2), (4, 4)]
[(28, 21), (31, 15), (29, 17), (27, 12), (20, 12), (9, 9), (6, 2), (4, 4), (26, 22)]
[(26, 22), (31, 15), (29, 17), (27, 12), (20, 12), (9, 9), (6, 2), (4, 4), (28, 20)]
[(28, 20), (31, 15), (29, 17), (27, 12), (20, 12), (9, 9), (6, 2), (4, 4), (26, 21)]
[(26, 21), (31, 15), (29, 17), (27, 12), (20, 12), (9, 9), (6, 2), (4, 4), (28, 19)]
[(28, 19), (31, 15), (29, 17), (27, 12), (20, 12), (9, 9), (6, 2), (4, 4), (26, 20)]
[(31, 15), (29, 17), (26, 20), (27, 12), (20, 12), (9, 9), (6, 2), (4, 4), (27, 19)]
[(29, 17), (26, 20), (27, 19), (27, 12), (20, 12), (9, 9), (6, 2), (4, 4), (32, 15)]
[(29, 17), (26, 20), (27, 19), (27, 12), (20, 12), (9, 9), (6, 2), (4, 4), (33, 15)]
[(29, 17), (26, 20), (27, 19), (27, 12), (20, 12), (9, 9), (6, 2), (4, 4), (34, 15)]
[(29, 17), (26, 20), (27, 19), (27, 12), (20, 12), (9, 9), (6, 2), (4, 4), (34, 14)]
[(29, 17), (26, 20), (27, 19), (27, 12), (20, 12), (9, 9), (6, 2), (4, 4), (34, 13)]
[(29, 17), (26, 20), (27, 19), (27, 12), (20, 12), (9, 9), (6, 2), (4, 4), (35, 13), (33, 13)]
[(29, 17), (26, 20), (27, 19), (33, 13), (27, 12), (20, 12), (9, 9), (6, 2), (4, 4), (36, 13)]
[(29, 17), (26, 20), (27, 19), (33, 13), (27, 12), (20, 12), (9, 9), (6, 2), (4, 4), (37, 13)]
[(29, 17), (26, 20), (27, 19), (33, 13), (27, 12), (20, 12), (9, 9), (6, 2), (4, 4), (38, 13)]
[(29, 17), (26, 20), (27, 19), (33, 13), (27, 12), (20, 12), (9, 9), (6, 2), (4, 4), (39, 13)]
[(29, 17), (26, 20), (27, 19), (33, 13), (27, 12), (20, 12), (9, 9), (6, 2), (4, 4), (40, 13)]
[(29, 17), (26, 20), (27, 19), (33, 13), (27, 12), (20, 12), (9, 9), (6, 2), (4, 4), (40, 14)]
[(29, 17), (26, 20), (27, 19), (33, 13), (27, 12), (20, 12), (9, 9), (6, 2), (4, 4), (40, 15)]
[(29, 17), (26, 20), (27, 19), (33, 13), (27, 12), (20, 12), (9, 9), (6, 2), (4, 4), (40, 16)]
[(29, 17), (26, 20), (27, 19), (33, 13), (27, 12), (20, 12), (9, 9), (6, 2), (4, 4), (40, 17)]
[(29, 17), (26, 20), (27, 19), (33, 13), (27, 12), (20, 12), (9, 9), (6, 2), (4, 4), (41, 17)]
[(29, 17), (26, 20), (27, 19), (33, 13), (27, 12), (20, 12), (9, 9), (6, 2), (4, 4), (42, 17)]
[(29, 17), (26, 20), (27, 19), (33, 13), (27, 12), (20, 12), (9, 9), (6, 2), (4, 4), (42, 18)]
[(29, 17), (26, 20), (27, 19), (33, 13), (27, 12), (20, 12), (9, 9), (6, 2), (4, 4), (42, 19), (43, 18)]
[(43, 18), (29, 17), (26, 20), (27, 19), (33, 13), (27, 12), (20, 12), (9, 9), (6, 2), (4, 4), (43, 19)]
[(43, 18), (29, 17), (26, 20), (27, 19), (33, 13), (27, 12), (20, 12), (9, 9), (6, 2), (4, 4), (44, 19)]
[(43, 18), (29, 17), (26, 20), (27, 19), (33, 13), (27, 12), (20, 12), (9, 9), (6, 2), (4, 4), (44, 20), (44, 18)]
[(44, 18), (43, 18), (29, 17), (26, 20), (27, 19), (33, 13), (27, 12), (20, 12), (9, 9), (6, 2), (4, 4), (44, 21)]
[(44, 18), (43, 18), (29, 17), (26, 20), (27, 19), (33, 13), (27, 12), (20, 12), (9, 9), (6, 2), (4, 4), (43, 21)]
[(44, 18), (43, 18), (29, 17), (26, 20), (27, 19), (33, 13), (27, 12), (20, 12), (9, 9), (6, 2), (4, 4), (42, 21)]
[(44, 18), (43, 18), (29, 17), (26, 20), (27, 19), (33, 13), (27, 12), (20, 12), (9, 9), (6, 2), (4, 4), (41, 21)]
[(41, 21), (43, 18), (29, 17), (26, 20), (27, 19), (33, 13), (27, 12), (20, 12), (9, 9), (6, 2), (4, 4), (44, 17)]
[(43, 18), (44, 17), (29, 17), (26, 20), (27, 19), (33, 13), (27, 12), (20, 12), (9, 9), (6, 2), (4, 4), (40, 21)]
[(44, 17), (40, 21), (29, 17), (26, 20), (27, 19), (33, 13), (27, 12), (20, 12), (9, 9), (6, 2), (4, 4)]
[(40, 21), (29, 17), (26, 20), (27, 19), (33, 13), (27, 12), (20, 12), (9, 9), (6, 2), (4, 4), (44, 16)]
[(44, 16), (29, 17), (26, 20), (27, 19), (33, 13), (27, 12), (20, 12), (9, 9), (6, 2), (4, 4), (40, 20)]
[(40, 20), (29, 17), (26, 20), (27, 19), (33, 13), (27, 12), (20, 12), (9, 9), (6, 2), (4, 4), (44, 15)]
[(44, 15), (29, 17), (26, 20), (27, 19), (33, 13), (27, 12), (20, 12), (9, 9), (6, 2), (4, 4), (40, 19)]
[(40, 19), (29, 17), (26, 20), (27, 19), (33, 13), (27, 12), (20, 12), (9, 9), (6, 2), (4, 4), (45, 15), (44, 14)]
[(40, 19), (44, 14), (29, 17), (26, 20), (27, 19), (33, 13), (27, 12), (20, 12), (9, 9), (6, 2), (4, 4), (46, 15)]
[(40, 19), (44, 14), (29, 17), (26, 20), (27, 19), (33, 13), (27, 12), (20, 12), (9, 9), (6, 2), (4, 4), (46, 16), (47, 15)]
[(47, 15), (40, 19), (44, 14), (29, 17), (26, 20), (27, 19), (33, 13), (27, 12), (20, 12), (9, 9), (6, 2), (4, 4), (46, 17)]
[(47, 15), (40, 19), (44, 14), (29, 17), (26, 20), (27, 19), (33, 13), (27, 12), (20, 12), (9, 9), (6, 2), (4, 4)]
[(40, 19), (44, 14), (29, 17), (26, 20), (27, 19), (33, 13), (27, 12), (20, 12), (9, 9), (6, 2), (4, 4), (48, 15)]
[(40, 19), (44, 14), (29, 17), (26, 20), (27, 19), (33, 13), (27, 12), (20, 12), (9, 9), (6, 2), (4, 4), (49, 15)]
[(40, 19), (44, 14), (29, 17), (26, 20), (27, 19), (33, 13), (27, 12), (20, 12), (9, 9), (6, 2), (4, 4), (50, 15)]
[(40, 19), (44, 14), (29, 17), (26, 20), (27, 19), (33, 13), (27, 12), (20, 12), (9, 9), (6, 2), (4, 4), (51, 15)]
[(40, 19), (44, 14), (29, 17), (26, 20), (27, 19), (33, 13), (27, 12), (20, 12), (9, 9), (6, 2), (4, 4), (52, 15)]
[(40, 19), (44, 14), (29, 17), (26, 20), (27, 19), (33, 13), (27, 12), (20, 12), (9, 9), (6, 2), (4, 4), (52, 14)]
[(40, 19), (44, 14), (29, 17), (26, 20), (27, 19), (33, 13), (27, 12), (20, 12), (9, 9), (6, 2), (4, 4), (52, 13)]
[(40, 19), (44, 14), (29, 17), (26, 20), (27, 19), (33, 13), (27, 12), (20, 12), (9, 9), (6, 2), (4, 4), (53, 13)]
[(40, 19), (44, 14), (29, 17), (26, 20), (27, 19), (33, 13), (27, 12), (20, 12), (9, 9), (6, 2), (4, 4), (54, 13)]
[(40, 19), (44, 14), (29, 17), (26, 20), (27, 19), (33, 13), (27, 12), (20, 12), (9, 9), (6, 2), (4, 4), (54, 12)]
[(40, 19), (44, 14), (29, 17), (26, 20), (27, 19), (33, 13), (27, 12), (20, 12), (9, 9), (6, 2), (4, 4), (54, 11)]
[(40, 19), (44, 14), (29, 17), (26, 20), (27, 19), (33, 13), (27, 12), (20, 12), (9, 9), (6, 2), (4, 4), (54, 10)]
[(40, 19), (44, 14), (29, 17), (26, 20), (27, 19), (33, 13), (27, 12), (20, 12), (9, 9), (6, 2), (4, 4), (54, 9)]
[(40, 19), (44, 14), (29, 17), (26, 20), (27, 19), (33, 13), (27, 12), (20, 12), (9, 9), (6, 2), (4, 4)]
[(44, 14), (29, 17), (26, 20), (27, 19), (33, 13), (27, 12), (20, 12), (9, 9), (6, 2), (4, 4)]
[(29, 17), (26, 20), (27, 19), (33, 13), (27, 12), (20, 12), (9, 9), (6, 2), (4, 4), (44, 13)]
[(29, 17), (26, 20), (27, 19), (33, 13), (27, 12), (20, 12), (9, 9), (6, 2), (4, 4), (44, 12)]
[(29, 17), (26, 20), (27, 19), (33, 13), (27, 12), (20, 12), (9, 9), (6, 2), (4, 4), (44, 11)]
[(29, 17), (26, 20), (27, 19), (33, 13), (27, 12), (20, 12), (9, 9), (6, 2), (4, 4), (43, 11)]
[(29, 17), (26, 20), (27, 19), (33, 13), (27, 12), (20, 12), (9, 9), (6, 2), (4, 4), (42, 11)]
[(29, 17), (26, 20), (27, 19), (33, 13), (27, 12), (20, 12), (9, 9), (6, 2), (4, 4), (42, 12), (42, 10)]
[(42, 10), (29, 17), (26, 20), (27, 19), (33, 13), (27, 12), (20, 12), (9, 9), (6, 2), (4, 4), (42, 13)]
[(42, 10), (29, 17), (26, 20), (27, 19), (33, 13), (27, 12), (20, 12), (9, 9), (6, 2), (4, 4), (42, 14)]
[(42, 10), (29, 17), (26, 20), (27, 19), (33, 13), (27, 12), (20, 12), (9, 9), (6, 2), (4, 4), (42, 15)]
[(42, 10), (29, 17), (26, 20), (27, 19), (33, 13), (27, 12), (20, 12), (9, 9), (6, 2), (4, 4)]
[(29, 17), (26, 20), (27, 19), (33, 13), (27, 12), (20, 12), (9, 9), (6, 2), (4, 4), (42, 9)]
[(29, 17), (26, 20), (27, 19), (33, 13), (27, 12), (20, 12), (9, 9), (6, 2), (4, 4), (43, 9)]
[(29, 17), (26, 20), (27, 19), (33, 13), (27, 12), (20, 12), (9, 9), (6, 2), (4, 4), (44, 9)]
[(29, 17), (26, 20), (27, 19), (33, 13), (27, 12), (20, 12), (9, 9), (6, 2), (4, 4), (45, 9)]
[(29, 17), (26, 20), (27, 19), (33, 13), (27, 12), (20, 12), (9, 9), (6, 2), (4, 4), (46, 9)]
[(29, 17), (26, 20), (27, 19), (33, 13), (27, 12), (20, 12), (9, 9), (6, 2), (4, 4), (46, 8)]
[(29, 17), (26, 20), (27, 19), (33, 13), (27, 12), (20, 12), (9, 9), (6, 2), (4, 4), (46, 7)]
[(29, 17), (26, 20), (27, 19), (33, 13), (27, 12), (20, 12), (9, 9), (6, 2), (4, 4), (47, 7)]
[(29, 17), (26, 20), (27, 19), (33, 13), (27, 12), (20, 12), (9, 9), (6, 2), (4, 4), (48, 7)]
[(29, 17), (26, 20), (27, 19), (33, 13), (27, 12), (20, 12), (9, 9), (6, 2), (4, 4), (48, 6)]
[(29, 17), (26, 20), (27, 19), (33, 13), (27, 12), (20, 12), (9, 9), (6, 2), (4, 4), (49, 6), (48, 5)]
[(48, 5), (29, 17), (26, 20), (27, 19), (33, 13), (27, 12), (20, 12), (9, 9), (6, 2), (4, 4), (50, 6)]
[(48, 5), (29, 17), (26, 20), (27, 19), (33, 13), (27, 12), (20, 12), (9, 9), (6, 2), (4, 4), (50, 7), (50, 5)]
[(50, 5), (48, 5), (29, 17), (26, 20), (27, 19), (33, 13), (27, 12), (20, 12), (9, 9), (6, 2), (4, 4), (50, 8)]
[(50, 5), (48, 5), (29, 17), (26, 20), (27, 19), (33, 13), (27, 12), (20, 12), (9, 9), (6, 2), (4, 4), (50, 9)]
[(50, 5), (48, 5), (29, 17), (26, 20), (27, 19), (33, 13), (27, 12), (20, 12), (9, 9), (6, 2), (4, 4), (49, 9)]
[(50, 5), (48, 5), (29, 17), (26, 20), (27, 19), (33, 13), (27, 12), (20, 12), (9, 9), (6, 2), (4, 4), (48, 9)]
[(50, 5), (48, 5), (29, 17), (26, 20), (27, 19), (33, 13), (27, 12), (20, 12), (9, 9), (6, 2), (4, 4), (48, 10)]
[(50, 5), (48, 5), (29, 17), (26, 20), (27, 19), (33, 13), (27, 12), (20, 12), (9, 9), (6, 2), (4, 4), (48, 11)]
[(50, 5), (48, 5), (29, 17), (26, 20), (27, 19), (33, 13), (27, 12), (20, 12), (9, 9), (6, 2), (4, 4), (47, 11)]
[(50, 5), (48, 5), (29, 17), (26, 20), (27, 19), (33, 13), (27, 12), (20, 12), (9, 9), (6, 2), (4, 4), (46, 11)]
[(50, 5), (48, 5), (29, 17), (26, 20), (27, 19), (33, 13), (27, 12), (20, 12), (9, 9), (6, 2), (4, 4), (46, 12)]
[(50, 5), (48, 5), (29, 17), (26, 20), (27, 19), (33, 13), (27, 12), (20, 12), (9, 9), (6, 2), (4, 4), (46, 13)]
[(50, 5), (48, 5), (29, 17), (26, 20), (27, 19), (33, 13), (27, 12), (20, 12), (9, 9), (6, 2), (4, 4), (47, 13)]
[(50, 5), (48, 5), (29, 17), (26, 20), (27, 19), (33, 13), (27, 12), (20, 12), (9, 9), (6, 2), (4, 4), (48, 13)]
[(50, 5), (48, 5), (29, 17), (26, 20), (27, 19), (33, 13), (27, 12), (20, 12), (9, 9), (6, 2), (4, 4), (49, 13)]
[(50, 5), (48, 5), (29, 17), (26, 20), (27, 19), (33, 13), (27, 12), (20, 12), (9, 9), (6, 2), (4, 4), (50, 13)]
[(50, 5), (48, 5), (29, 17), (26, 20), (27, 19), (33, 13), (27, 12), (20, 12), (9, 9), (6, 2), (4, 4), (50, 12)]
[(50, 5), (48, 5), (29, 17), (26, 20), (27, 19), (33, 13), (27, 12), (20, 12), (9, 9), (6, 2), (4, 4), (50, 11)]
[(50, 5), (48, 5), (29, 17), (26, 20), (27, 19), (33, 13), (27, 12), (20, 12), (9, 9), (6, 2), (4, 4), (51, 11)]
[(50, 5), (48, 5), (29, 17), (26, 20), (27, 19), (33, 13), (27, 12), (20, 12), (9, 9), (6, 2), (4, 4), (52, 11)]
[(50, 5), (48, 5), (29, 17), (26, 20), (27, 19), (33, 13), (27, 12), (20, 12), (9, 9), (6, 2), (4, 4), (52, 10)]
[(50, 5), (48, 5), (29, 17), (26, 20), (27, 19), (33, 13), (27, 12), (20, 12), (9, 9), (6, 2), (4, 4), (52, 9)]
[(50, 5), (48, 5), (29, 17), (26, 20), (27, 19), (33, 13), (27, 12), (20, 12), (9, 9), (6, 2), (4, 4), (52, 8)]
[(50, 5), (48, 5), (29, 17), (26, 20), (27, 19), (33, 13), (27, 12), (20, 12), (9, 9), (6, 2), (4, 4), (52, 7)]
[(50, 5), (48, 5), (29, 17), (26, 20), (27, 19), (33, 13), (27, 12), (20, 12), (9, 9), (6, 2), (4, 4), (53, 7)]
[(50, 5), (48, 5), (29, 17), (26, 20), (27, 19), (33, 13), (27, 12), (20, 12), (9, 9), (6, 2), (4, 4), (54, 7)]
[(50, 5), (48, 5), (29, 17), (26, 20), (27, 19), (33, 13), (27, 12), (20, 12), (9, 9), (6, 2), (4, 4), (55, 7)]
[(50, 5), (48, 5), (29, 17), (26, 20), (27, 19), (33, 13), (27, 12), (20, 12), (9, 9), (6, 2), (4, 4), (56, 7)]
[(50, 5), (48, 5), (29, 17), (26, 20), (27, 19), (33, 13), (27, 12), (20, 12), (9, 9), (6, 2), (4, 4), (56, 6)]
[(50, 5), (48, 5), (29, 17), (26, 20), (27, 19), (33, 13), (27, 12), (20, 12), (9, 9), (6, 2), (4, 4), (56, 5)]
[(50, 5), (48, 5), (29, 17), (26, 20), (27, 19), (33, 13), (27, 12), (20, 12), (9, 9), (6, 2), (4, 4), (57, 5), (56, 4)]
[(56, 4), (50, 5), (48, 5), (29, 17), (26, 20), (27, 19), (33, 13), (27, 12), (20, 12), (9, 9), (6, 2), (4, 4), (58, 5)]
[(56, 4), (50, 5), (48, 5), (29, 17), (26, 20), (27, 19), (33, 13), (27, 12), (20, 12), (9, 9), (6, 2), (4, 4)]
[(50, 5), (48, 5), (29, 17), (26, 20), (27, 19), (33, 13), (27, 12), (20, 12), (9, 9), (6, 2), (4, 4), (56, 3)]
[(50, 5), (48, 5), (29, 17), (26, 20), (27, 19), (33, 13), (27, 12), (20, 12), (9, 9), (6, 2), (4, 4), (57, 3)]
[(50, 5), (48, 5), (29, 17), (26, 20), (27, 19), (33, 13), (27, 12), (20, 12), (9, 9), (6, 2), (4, 4), (58, 3)]
[(50, 5), (48, 5), (29, 17), (26, 20), (27, 19), (33, 13), (27, 12), (20, 12), (9, 9), (6, 2), (4, 4), (59, 3)]
[(50, 5), (48, 5), (29, 17), (26, 20), (27, 19), (33, 13), (27, 12), (20, 12), (9, 9), (6, 2), (4, 4), (60, 3)]
[(50, 5), (48, 5), (29, 17), (26, 20), (27, 19), (33, 13), (27, 12), (20, 12), (9, 9), (6, 2), (4, 4), (60, 4)]
[(50, 5), (48, 5), (29, 17), (26, 20), (27, 19), (33, 13), (27, 12), (20, 12), (9, 9), (6, 2), (4, 4), (60, 5)]
[(50, 5), (48, 5), (29, 17), (26, 20), (27, 19), (33, 13), (27, 12), (20, 12), (9, 9), (6, 2), (4, 4), (61, 5)]
[(50, 5), (48, 5), (29, 17), (26, 20), (27, 19), (33, 13), (27, 12), (20, 12), (9, 9), (6, 2), (4, 4), (62, 5)]
[(50, 5), (48, 5), (29, 17), (26, 20), (27, 19), (33, 13), (27, 12), (20, 12), (9, 9), (6, 2), (4, 4), (62, 4)]
[(50, 5), (48, 5), (29, 17), (26, 20), (27, 19), (33, 13), (27, 12), (20, 12), (9, 9), (6, 2), (4, 4), (62, 3)]
[(50, 5), (48, 5), (29, 17), (26, 20), (27, 19), (33, 13), (27, 12), (20, 12), (9, 9), (6, 2), (4, 4), (63, 3)]
[(50, 5), (48, 5), (29, 17), (26, 20), (27, 19), (33, 13), (27, 12), (20, 12), (9, 9), (6, 2), (4, 4), (64, 3)]
[(50, 5), (48, 5), (29, 17), (26, 20), (27, 19), (33, 13), (27, 12), (20, 12), (9, 9), (6, 2), (4, 4), (64, 4)]
[(50, 5), (48, 5), (29, 17), (26, 20), (27, 19), (33, 13), (27, 12), (20, 12), (9, 9), (6, 2), (4, 4), (64, 5)]
[(50, 5), (48, 5), (29, 17), (26, 20), (27, 19), (33, 13), (27, 12), (20, 12), (9, 9), (6, 2), (4, 4), (64, 6)]
[(50, 5), (48, 5), (29, 17), (26, 20), (27, 19), (33, 13), (27, 12), (20, 12), (9, 9), (6, 2), (4, 4), (64, 7)]
[(50, 5), (48, 5), (29, 17), (26, 20), (27, 19), (33, 13), (27, 12), (20, 12), (9, 9), (6, 2), (4, 4), (64, 8), (63, 7)]
[(63, 7), (50, 5), (48, 5), (29, 17), (26, 20), (27, 19), (33, 13), (27, 12), (20, 12), (9, 9), (6, 2), (4, 4), (64, 9)]
[(63, 7), (50, 5), (48, 5), (29, 17), (26, 20), (27, 19), (33, 13), (27, 12), (20, 12), (9, 9), (6, 2), (4, 4)]
[(50, 5), (48, 5), (29, 17), (26, 20), (27, 19), (33, 13), (27, 12), (20, 12), (9, 9), (6, 2), (4, 4), (62, 7)]
[(50, 5), (48, 5), (29, 17), (26, 20), (27, 19), (33, 13), (27, 12), (20, 12), (9, 9), (6, 2), (4, 4), (62, 8)]
[(50, 5), (48, 5), (29, 17), (26, 20), (27, 19), (33, 13), (27, 12), (20, 12), (9, 9), (6, 2), (4, 4), (62, 9)]
[(50, 5), (48, 5), (29, 17), (26, 20), (27, 19), (33, 13), (27, 12), (20, 12), (9, 9), (6, 2), (4, 4), (62, 10)]
[(50, 5), (48, 5), (29, 17), (26, 20), (27, 19), (33, 13), (27, 12), (20, 12), (9, 9), (6, 2), (4, 4), (62, 11)]
[(50, 5), (48, 5), (29, 17), (26, 20), (27, 19), (33, 13), (27, 12), (20, 12), (9, 9), (6, 2), (4, 4), (63, 11)]
[(50, 5), (48, 5), (29, 17), (26, 20), (27, 19), (33, 13), (27, 12), (20, 12), (9, 9), (6, 2), (4, 4), (64, 11)]
[(50, 5), (48, 5), (29, 17), (26, 20), (27, 19), (33, 13), (27, 12), (20, 12), (9, 9), (6, 2), (4, 4), (64, 12)]
[(50, 5), (48, 5), (29, 17), (26, 20), (27, 19), (33, 13), (27, 12), (20, 12), (9, 9), (6, 2), (4, 4), (64, 13)]
[(50, 5), (48, 5), (29, 17), (26, 20), (27, 19), (33, 13), (27, 12), (20, 12), (9, 9), (6, 2), (4, 4), (64, 14)]
[(50, 5), (48, 5), (29, 17), (26, 20), (27, 19), (33, 13), (27, 12), (20, 12), (9, 9), (6, 2), (4, 4), (64, 15)]
[(50, 5), (48, 5), (29, 17), (26, 20), (27, 19), (33, 13), (27, 12), (20, 12), (9, 9), (6, 2), (4, 4), (64, 16)]
[(50, 5), (48, 5), (29, 17), (26, 20), (27, 19), (33, 13), (27, 12), (20, 12), (9, 9), (6, 2), (4, 4), (64, 17)]
[(50, 5), (48, 5), (29, 17), (26, 20), (27, 19), (33, 13), (27, 12), (20, 12), (9, 9), (6, 2), (4, 4), (64, 18)]
[(50, 5), (48, 5), (29, 17), (26, 20), (27, 19), (33, 13), (27, 12), (20, 12), (9, 9), (6, 2), (4, 4), (64, 19)]
[(50, 5), (48, 5), (29, 17), (26, 20), (27, 19), (33, 13), (27, 12), (20, 12), (9, 9), (6, 2), (4, 4), (64, 20), (63, 19)]
[(63, 19), (50, 5), (48, 5), (29, 17), (26, 20), (27, 19), (33, 13), (27, 12), (20, 12), (9, 9), (6, 2), (4, 4), (64, 21)]
[(63, 19), (50, 5), (48, 5), (29, 17), (26, 20), (27, 19), (33, 13), (27, 12), (20, 12), (9, 9), (6, 2), (4, 4), (64, 22)]
[(63, 19), (50, 5), (48, 5), (29, 17), (26, 20), (27, 19), (33, 13), (27, 12), (20, 12), (9, 9), (6, 2), (4, 4), (64, 23)]
[(63, 19), (50, 5), (48, 5), (29, 17), (26, 20), (27, 19), (33, 13), (27, 12), (20, 12), (9, 9), (6, 2), (4, 4), (63, 23)]
[(63, 19), (50, 5), (48, 5), (29, 17), (26, 20), (27, 19), (33, 13), (27, 12), (20, 12), (9, 9), (6, 2), (4, 4), (62, 23)]
[(63, 19), (50, 5), (48, 5), (29, 17), (26, 20), (27, 19), (33, 13), (27, 12), (20, 12), (9, 9), (6, 2), (4, 4), (61, 23)]
[(63, 19), (50, 5), (48, 5), (29, 17), (26, 20), (27, 19), (33, 13), (27, 12), (20, 12), (9, 9), (6, 2), (4, 4), (60, 23)]
[(63, 19), (50, 5), (48, 5), (29, 17), (26, 20), (27, 19), (33, 13), (27, 12), (20, 12), (9, 9), (6, 2), (4, 4), (60, 24)]
[(63, 19), (50, 5), (48, 5), (29, 17), (26, 20), (27, 19), (33, 13), (27, 12), (20, 12), (9, 9), (6, 2), (4, 4), (60, 25)]
[(63, 19), (50, 5), (48, 5), (29, 17), (26, 20), (27, 19), (33, 13), (27, 12), (20, 12), (9, 9), (6, 2), (4, 4), (61, 25)]
[(63, 19), (50, 5), (48, 5), (29, 17), (26, 20), (27, 19), (33, 13), (27, 12), (20, 12), (9, 9), (6, 2), (4, 4), (62, 25)]
[(63, 19), (50, 5), (48, 5), (29, 17), (26, 20), (27, 19), (33, 13), (27, 12), (20, 12), (9, 9), (6, 2), (4, 4), (62, 26)]
[(63, 19), (50, 5), (48, 5), (29, 17), (26, 20), (27, 19), (33, 13), (27, 12), (20, 12), (9, 9), (6, 2), (4, 4), (62, 27)]
[(63, 19), (50, 5), (48, 5), (29, 17), (26, 20), (27, 19), (33, 13), (27, 12), (20, 12), (9, 9), (6, 2), (4, 4), (61, 27)]
[(63, 19), (50, 5), (48, 5), (29, 17), (26, 20), (27, 19), (33, 13), (27, 12), (20, 12), (9, 9), (6, 2), (4, 4), (60, 27)]
[(63, 19), (50, 5), (48, 5), (29, 17), (26, 20), (27, 19), (33, 13), (27, 12), (20, 12), (9, 9), (6, 2), (4, 4), (60, 28)]
[(63, 19), (50, 5), (48, 5), (29, 17), (26, 20), (27, 19), (33, 13), (27, 12), (20, 12), (9, 9), (6, 2), (4, 4), (60, 29)]
[(63, 19), (50, 5), (48, 5), (29, 17), (26, 20), (27, 19), (33, 13), (27, 12), (20, 12), (9, 9), (6, 2), (4, 4), (60, 30)]
[(63, 19), (50, 5), (48, 5), (29, 17), (26, 20), (27, 19), (33, 13), (27, 12), (20, 12), (9, 9), (6, 2), (4, 4), (60, 31)]
[(63, 19), (50, 5), (48, 5), (29, 17), (26, 20), (27, 19), (33, 13), (27, 12), (20, 12), (9, 9), (6, 2), (4, 4), (60, 32)]
[(63, 19), (50, 5), (48, 5), (29, 17), (26, 20), (27, 19), (33, 13), (27, 12), (20, 12), (9, 9), (6, 2), (4, 4), (60, 33)]
[(63, 19), (50, 5), (48, 5), (29, 17), (26, 20), (27, 19), (33, 13), (27, 12), (20, 12), (9, 9), (6, 2), (4, 4), (60, 34)]
[(63, 19), (50, 5), (48, 5), (29, 17), (26, 20), (27, 19), (33, 13), (27, 12), (20, 12), (9, 9), (6, 2), (4, 4), (60, 35)]
[(63, 19), (50, 5), (48, 5), (29, 17), (26, 20), (27, 19), (33, 13), (27, 12), (20, 12), (9, 9), (6, 2), (4, 4), (61, 35), (59, 35)]
[(59, 35), (63, 19), (50, 5), (48, 5), (29, 17), (26, 20), (27, 19), (33, 13), (27, 12), (20, 12), (9, 9), (6, 2), (4, 4), (62, 35)]
[(59, 35), (63, 19), (50, 5), (48, 5), (29, 17), (26, 20), (27, 19), (33, 13), (27, 12), (20, 12), (9, 9), (6, 2), (4, 4), (63, 35), (62, 34)]
[(63, 35), (59, 35), (63, 19), (50, 5), (48, 5), (29, 17), (26, 20), (27, 19), (33, 13), (27, 12), (20, 12), (9, 9), (6, 2), (4, 4), (62, 33)]
[(63, 35), (59, 35), (63, 19), (50, 5), (48, 5), (29, 17), (26, 20), (27, 19), (33, 13), (27, 12), (20, 12), (9, 9), (6, 2), (4, 4), (62, 32)]
