[(12, 4)]
[(12, 5)]
[(13, 5)]
[(14, 5)]
[(14, 6)]
[(14, 7)]
[(15, 7)]
[(16, 7)]
[(16, 8)]
[(16, 9)]
[(16, 10)]
[(16, 11)]
[(17, 11)]
[(18, 11)]
[(18, 10)]
[(18, 9)]
[(18, 8)]
[(18, 7)]
[(18, 6)]
[(18, 5)]
[(17, 5)]
[(16, 5)]
[(16, 4)]
[(16, 3)]
[(17, 3)]
[(18, 3)]
[(19, 3)]
[(20, 3)]
[(21, 3)]
[(22, 3)]
[(22, 2)]
[(22, 1)]
[(21, 1)]
[(20, 1)]
[(19, 1)]
[(18, 1)]
[(17, 1)]
[(16, 1)]
[(15, 1)]
[(14, 1)]
[(14, 2), (13, 1)]
[(13, 1), (14, 3)]
[(13, 1)]
[(12, 1)]
[(11, 1)]
[(10, 1)]
[(9, 1)]
[(8, 1)]
[(8, 2)]
[(8, 3)]
[(9, 3), (7, 3)]
[(7, 3), (10, 3)]
[(7, 3), (10, 4)]
[(7, 3), (10, 5)]
[(7, 3), (9, 5)]
[(9, 5), (6, 3)]
[(6, 3), (8, 5)]
[(8, 5), (6, 4), (6, 2)]
[(8, 5), (6, 2), (6, 5)]
[(8, 5), (6, 2), (7, 5), (5, 5)]
[(8, 5), (6, 2), (5, 5), (8, 5)]
[(8, 5), (6, 2), (5, 5)]
[(6, 2), (5, 5)]
[(5, 5), (6, 1)]
[(5, 5), (5, 1)]
[(5, 1), (4, 5)]
[(4, 5), (4, 1)]
[(4, 1), (4, 6), (4, 4)]
[(4, 4), (4, 1), (4, 7)]
[(4, 4), (4, 1), (5, 7)]
[(4, 4), (4, 1), (6, 7)]
[(4, 4), (4, 1), (7, 7)]
[(7, 7), (4, 1), (4, 3)]
[(4, 1), (4, 3), (8, 7)]
[(4, 1), (4, 3), (9, 7)]
[(4, 1), (4, 3), (10, 7)]
[(4, 1), (4, 3), (10, 8), (11, 7)]
[(11, 7), (10, 8), (4, 3), (3, 1)]
[(10, 8), (4, 3), (3, 1), (12, 7)]
[(10, 8), (4, 3), (3, 1), (12, 8)]
[(12, 8), (4, 3), (3, 1), (10, 9)]
[(4, 3), (10, 9), (3, 1), (12, 9)]
[(10, 9), (12, 9), (3, 1)]
[(12, 9), (3, 1), (10, 10), (9, 9)]
[(10, 10), (3, 1), (9, 9), (13, 9)]
[(10, 10), (3, 1), (9, 9), (14, 9)]
[(10, 10), (3, 1), (9, 9), (14, 10)]
[(3, 1), (14, 10), (9, 9), (10, 11)]
[(14, 10), (10, 11), (9, 9), (2, 1)]
[(10, 11), (9, 9), (2, 1), (14, 11)]
[(14, 11), (9, 9), (2, 1)]
[(9, 9), (2, 1), (13, 11)]
[(2, 1), (13, 11), (8, 9)]
[(13, 11), (8, 9), (2, 2)]
[(13, 11), (8, 9), (2, 3)]
[(2, 3), (8, 9), (12, 11)]
[(8, 9), (12, 11), (1, 3)]
[(12, 11), (1, 3), (8, 10), (7, 9)]
[(12, 11), (1, 3), (7, 9), (8, 11)]
[(12, 11), (1, 3), (7, 9), (8, 12)]
[(1, 3), (8, 12), (7, 9), (12, 12)]
[(8, 12), (7, 9), (12, 12), (0, 3)]
[(7, 9), (12, 12), (0, 3), (8, 13)]
[(12, 12), (8, 13), (0, 3), (6, 9)]
[(8, 13), (0, 3), (6, 9), (12, 13)]
[(12, 13), (0, 3), (6, 9), (9, 13)]
[(12, 13), (0, 3), (6, 9), (10, 13)]
[(12, 13), (0, 3), (6, 9), (10, 14)]
[(10, 14), (0, 3), (6, 9), (13, 13)]
[(10, 14), (0, 3), (6, 9), (14, 13)]
[(10, 14), (0, 3), (6, 9), (15, 13)]
[(10, 14), (0, 3), (6, 9), (16, 13)]
[(10, 14), (0, 3), (6, 9), (17, 13)]
[(10, 14), (0, 3), (6, 9), (18, 13)]
[(10, 14), (0, 3), (6, 9), (19, 13)]
[(10, 14), (0, 3), (6, 9), (20, 13)]
[(20, 13), (0, 3), (6, 9), (10, 15)]
[(0, 3), (6, 9), (10, 15), (21, 13), (20, 12)]
[(0, 3), (6, 9), (10, 15), (20, 12), (22, 13)]
[(0, 3), (6, 9), (10, 15), (20, 12), (23, 13)]
[(0, 3), (6, 9), (10, 15), (20, 12), (24, 13)]
[(24, 13), (6, 9), (10, 15), (20, 12), (0, 4), (0, 2)]
[(6, 9), (10, 15), (0, 4), (20, 12), (0, 2), (25, 13)]
[(25, 13), (10, 15), (0, 4), (20, 12), (0, 2), (5, 9)]
[(10, 15), (0, 4), (20, 12), (0, 2), (5, 9), (26, 13)]
[(10, 15), (0, 4), (20, 12), (0, 2), (5, 9), (27, 13)]
[(27, 13), (0, 4), (20, 12), (0, 2), (5, 9), (10, 16)]
[(0, 4), (10, 16), (20, 12), (0, 2), (5, 9), (28, 13), (27, 12)]
[(0, 4), (10, 16), (20, 12), (0, 2), (27, 12), (5, 9), (28, 14)]
[(10, 16), (28, 14), (20, 12), (0, 2), (27, 12), (5, 9), (0, 5)]
[(28, 14), (20, 12), (0, 5), (0, 2), (27, 12), (5, 9), (10, 17)]
[(20, 12), (0, 5), (0, 2), (10, 17), (27, 12), (5, 9), (28, 15)]
[(0, 5), (0, 2), (28, 15), (10, 17), (27, 12), (5, 9), (20, 11)]
[(0, 2), (28, 15), (10, 17), (27, 12), (5, 9), (20, 11), (1, 5)]
[(0, 2), (28, 15), (10, 17), (27, 12), (5, 9), (20, 11), (2, 5)]
[(0, 2), (28, 15), (10, 17), (27, 12), (5, 9), (20, 11), (2, 6)]
[(28, 15), (10, 17), (27, 12), (2, 6), (5, 9), (20, 11), (0, 1)]
[(10, 17), (27, 12), (2, 6), (5, 9), (20, 11), (0, 1), (29, 15)]
[(29, 15), (27, 12), (2, 6), (5, 9), (20, 11), (0, 1), (11, 17)]
[(11, 17), (27, 12), (2, 6), (5, 9), (20, 11), (0, 1), (30, 15)]
[(30, 15), (27, 12), (2, 6), (5, 9), (20, 11), (0, 1), (12, 17)]
[(30, 15), (27, 12), (2, 6), (5, 9), (20, 11), (0, 1), (12, 16)]
[(27, 12), (2, 6), (5, 9), (20, 11), (0, 1), (12, 16), (30, 16), (31, 15)]
[(31, 15), (2, 6), (5, 9), (30, 16), (20, 11), (0, 1), (12, 16), (27, 11)]
[(2, 6), (5, 9), (30, 16), (20, 11), (0, 1), (12, 16), (27, 11), (32, 15)]
[(5, 9), (32, 15), (30, 16), (20, 11), (0, 1), (12, 16), (27, 11), (2, 7)]
[(32, 15), (30, 16), (20, 11), (2, 7), (0, 1), (12, 16), (27, 11), (4, 9)]
[(30, 16), (20, 11), (2, 7), (0, 1), (12, 16), (27, 11), (4, 9), (33, 15)]
[(30, 16), (20, 11), (2, 7), (0, 1), (12, 16), (27, 11), (4, 9), (34, 15)]
[(30, 16), (20, 11), (2, 7), (0, 1), (12, 16), (27, 11), (4, 9), (34, 14)]
[(20, 11), (2, 7), (0, 1), (12, 16), (27, 11), (34, 14), (4, 9), (30, 17)]
[(2, 7), (0, 1), (30, 17), (12, 16), (27, 11), (34, 14), (4, 9), (21, 11), (20, 10)]
[(21, 11), (0, 1), (30, 17), (12, 16), (27, 11), (34, 14), (4, 9), (20, 10), (2, 8)]
[(0, 1), (30, 17), (12, 16), (2, 8), (27, 11), (34, 14), (4, 9), (20, 10), (22, 11)]
[(0, 1), (30, 17), (12, 16), (2, 8), (27, 11), (34, 14), (4, 9), (20, 10), (23, 11)]
[(0, 1), (30, 17), (12, 16), (2, 8), (27, 11), (34, 14), (4, 9), (20, 10), (24, 11), (23, 10)]
[(30, 17), (24, 11), (12, 16), (2, 8), (27, 11), (34, 14), (4, 9), (20, 10), (23, 10)]
[(24, 11), (12, 16), (2, 8), (27, 11), (34, 14), (4, 9), (20, 10), (23, 10), (31, 17), (29, 17)]
[(31, 17), (12, 16), (2, 8), (27, 11), (34, 14), (4, 9), (20, 10), (23, 10), (29, 17), (25, 11)]
[(12, 16), (25, 11), (2, 8), (27, 11), (34, 14), (4, 9), (20, 10), (23, 10), (29, 17), (32, 17)]
[(32, 17), (25, 11), (2, 8), (27, 11), (34, 14), (4, 9), (20, 10), (23, 10), (29, 17), (12, 15)]
[(25, 11), (2, 8), (27, 11), (34, 14), (4, 9), (20, 10), (23, 10), (12, 15), (29, 17), (33, 17)]
[(2, 8), (33, 17), (27, 11), (34, 14), (4, 9), (20, 10), (23, 10), (12, 15), (29, 17), (26, 11)]
[(33, 17), (26, 11), (27, 11), (34, 14), (4, 9), (20, 10), (23, 10), (12, 15), (29, 17), (2, 9)]
[(26, 11), (27, 11), (2, 9), (34, 14), (4, 9), (20, 10), (23, 10), (12, 15), (29, 17), (34, 17)]
[(34, 17), (27, 11), (2, 9), (34, 14), (4, 9), (20, 10), (23, 10), (12, 15), (29, 17), (27, 11)]
[(27, 11), (27, 11), (2, 9), (34, 14), (4, 9), (20, 10), (23, 10), (12, 15), (29, 17), (35, 17)]
[(27, 11), (35, 17), (2, 9), (34, 14), (4, 9), (20, 10), (23, 10), (12, 15), (29, 17), (28, 11)]
[(35, 17), (28, 11), (2, 9), (34, 14), (4, 9), (20, 10), (23, 10), (12, 15), (29, 17), (28, 11)]
[(28, 11), (28, 11), (2, 9), (34, 14), (4, 9), (20, 10), (23, 10), (12, 15), (29, 17), (36, 17), (35, 16)]
[(28, 11), (36, 17), (2, 9), (34, 14), (4, 9), (20, 10), (23, 10), (12, 15), (29, 17), (35, 16), (29, 11)]
[(36, 17), (29, 11), (2, 9), (34, 14), (4, 9), (20, 10), (23, 10), (12, 15), (29, 17), (35, 16), (29, 11)]
[(29, 11), (29, 11), (2, 9), (34, 14), (4, 9), (20, 10), (23, 10), (12, 15), (29, 17), (35, 16), (36, 16)]
[(29, 11), (2, 9), (34, 14), (4, 9), (20, 10), (23, 10), (12, 15), (29, 17), (35, 16), (36, 16), (30, 11)]
[(2, 9), (30, 11), (34, 14), (4, 9), (20, 10), (23, 10), (12, 15), (29, 17), (35, 16), (36, 16), (30, 11)]
[(30, 11), (30, 11), (34, 14), (4, 9), (20, 10), (23, 10), (12, 15), (29, 17), (35, 16), (36, 16), (3, 9)]
[(30, 11), (34, 14), (3, 9), (4, 9), (20, 10), (23, 10), (12, 15), (29, 17), (35, 16), (36, 16), (30, 10)]
[(34, 14), (3, 9), (4, 9), (20, 10), (23, 10), (12, 15), (29, 17), (35, 16), (36, 16), (30, 10), (30, 10)]
[(3, 9), (4, 9), (20, 10), (23, 10), (12, 15), (29, 17), (35, 16), (36, 16), (30, 10), (30, 10), (34, 13)]
[(4, 9), (20, 10), (23, 10), (12, 15), (29, 17), (35, 16), (36, 16), (30, 10), (30, 10), (34, 13), (4, 9)]
[(4, 9), (20, 10), (23, 10), (12, 15), (29, 17), (35, 16), (36, 16), (30, 10), (30, 10), (34, 13)]
[(20, 10), (23, 10), (12, 15), (29, 17), (35, 16), (36, 16), (30, 10), (30, 10), (34, 13)]
[(23, 10), (12, 15), (29, 17), (35, 16), (36, 16), (30, 10), (30, 10), (34, 13), (20, 9)]
[(12, 15), (29, 17), (35, 16), (36, 16), (30, 10), (30, 10), (34, 13), (20, 9), (23, 9)]
[(29, 17), (35, 16), (36, 16), (30, 10), (30, 10), (34, 13), (20, 9), (23, 9), (13, 15)]
[(29, 17), (35, 16), (36, 16), (30, 10), (30, 10), (34, 13), (20, 9), (23, 9), (14, 15)]
[(29, 17), (35, 16), (36, 16), (30, 10), (30, 10), (34, 13), (20, 9), (23, 9), (14, 16)]
[(35, 16), (36, 16), (14, 16), (30, 10), (30, 10), (34, 13), (20, 9), (23, 9), (28, 17)]
[(36, 16), (14, 16), (30, 10), (30, 10), (34, 13), (20, 9), (23, 9), (28, 17), (36, 16)]
[(36, 16), (14, 16), (30, 10), (30, 10), (34, 13), (20, 9), (23, 9), (28, 17), (37, 16), (36, 15)]
[(14, 16), (37, 16), (30, 10), (30, 10), (34, 13), (20, 9), (23, 9), (36, 15), (28, 17), (37, 16), (36, 15)]
[(37, 16), (37, 16), (30, 10), (30, 10), (34, 13), (20, 9), (23, 9), (36, 15), (36, 15), (28, 17), (14, 17)]
[(37, 16), (30, 10), (30, 10), (34, 13), (20, 9), (23, 9), (14, 17), (36, 15), (36, 15), (28, 17), (38, 16), (37, 15)]
[(30, 10), (30, 10), (34, 13), (38, 16), (20, 9), (23, 9), (14, 17), (36, 15), (36, 15), (28, 17), (37, 15), (38, 16), (37, 15)]
[(30, 10), (34, 13), (38, 16), (38, 16), (20, 9), (23, 9), (14, 17), (36, 15), (36, 15), (28, 17), (37, 15), (37, 15), (30, 9)]
[(34, 13), (38, 16), (38, 16), (20, 9), (23, 9), (14, 17), (36, 15), (36, 15), (28, 17), (37, 15), (37, 15), (30, 9), (30, 9)]
[(38, 16), (38, 16), (20, 9), (23, 9), (14, 17), (36, 15), (36, 15), (28, 17), (37, 15), (37, 15), (30, 9), (30, 9), (35, 13), (33, 13)]
[(38, 16), (20, 9), (35, 13), (23, 9), (14, 17), (36, 15), (36, 15), (28, 17), (37, 15), (37, 15), (30, 9), (30, 9), (33, 13), (38, 17), (38, 15)]
[(20, 9), (35, 13), (23, 9), (14, 17), (38, 17), (36, 15), (36, 15), (28, 17), (37, 15), (37, 15), (30, 9), (30, 9), (38, 15), (33, 13), (38, 17), (38, 15)]
[(35, 13), (23, 9), (14, 17), (38, 17), (38, 17), (36, 15), (36, 15), (28, 17), (37, 15), (37, 15), (30, 9), (30, 9), (38, 15), (38, 15), (33, 13), (21, 9)]
[(35, 13), (23, 9), (14, 17), (38, 17), (38, 17), (36, 15), (36, 15), (28, 17), (37, 15), (37, 15), (30, 9), (30, 9), (38, 15), (38, 15), (33, 13), (22, 9)]
[(22, 9), (23, 9), (14, 17), (38, 17), (38, 17), (36, 15), (36, 15), (28, 17), (37, 15), (37, 15), (30, 9), (30, 9), (38, 15), (38, 15), (33, 13), (36, 13)]
[(36, 13), (23, 9), (14, 17), (38, 17), (38, 17), (36, 15), (36, 15), (28, 17), (37, 15), (37, 15), (30, 9), (30, 9), (38, 15), (38, 15), (33, 13), (23, 9)]
[(23, 9), (23, 9), (14, 17), (38, 17), (38, 17), (36, 15), (36, 15), (28, 17), (37, 15), (37, 15), (30, 9), (30, 9), (38, 15), (38, 15), (33, 13), (37, 13)]
[(23, 9), (14, 17), (38, 17), (38, 17), (37, 13), (36, 15), (36, 15), (28, 17), (37, 15), (37, 15), (30, 9), (30, 9), (38, 15), (38, 15), (33, 13), (24, 9)]
[(14, 17), (38, 17), (38, 17), (37, 13), (24, 9), (36, 15), (36, 15), (28, 17), (37, 15), (37, 15), (30, 9), (30, 9), (38, 15), (38, 15), (33, 13), (24, 9)]
[(38, 17), (38, 17), (37, 13), (24, 9), (24, 9), (36, 15), (36, 15), (28, 17), (37, 15), (37, 15), (30, 9), (30, 9), (38, 15), (38, 15), (33, 13), (15, 17)]
[(38, 17), (15, 17), (37, 13), (24, 9), (24, 9), (36, 15), (36, 15), (28, 17), (37, 15), (37, 15), (30, 9), (30, 9), (38, 15), (38, 15), (33, 13), (38, 18)]
[(15, 17), (37, 13), (24, 9), (24, 9), (38, 18), (36, 15), (36, 15), (28, 17), (37, 15), (37, 15), (30, 9), (30, 9), (38, 15), (38, 15), (33, 13), (38, 18)]
[(37, 13), (24, 9), (24, 9), (38, 18), (38, 18), (36, 15), (36, 15), (28, 17), (37, 15), (37, 15), (30, 9), (30, 9), (38, 15), (38, 15), (33, 13), (16, 17)]
[(37, 13), (24, 9), (24, 9), (38, 18), (38, 18), (36, 15), (36, 15), (28, 17), (37, 15), (37, 15), (30, 9), (30, 9), (38, 15), (38, 15), (33, 13), (16, 16)]
[(24, 9), (24, 9), (38, 18), (38, 18), (36, 15), (36, 15), (28, 17), (37, 15), (37, 15), (30, 9), (30, 9), (38, 15), (38, 15), (33, 13), (16, 16), (38, 13)]
[(24, 9), (38, 13), (38, 18), (38, 18), (36, 15), (36, 15), (28, 17), (37, 15), (37, 15), (30, 9), (30, 9), (38, 15), (38, 15), (33, 13), (16, 16), (25, 9), (24, 8)]
[(25, 9), (38, 13), (38, 18), (38, 18), (36, 15), (36, 15), (28, 17), (37, 15), (37, 15), (30, 9), (30, 9), (38, 15), (38, 15), (33, 13), (16, 16), (24, 8), (25, 9), (24, 8)]
[(25, 9), (38, 13), (38, 18), (38, 18), (36, 15), (36, 15), (28, 17), (37, 15), (37, 15), (30, 9), (30, 9), (38, 15), (38, 15), (33, 13), (16, 16), (24, 8), (24, 8), (26, 9)]
[(38, 13), (26, 9), (38, 18), (38, 18), (36, 15), (36, 15), (28, 17), (37, 15), (37, 15), (30, 9), (30, 9), (38, 15), (38, 15), (33, 13), (16, 16), (24, 8), (24, 8), (26, 9)]
[(26, 9), (26, 9), (38, 18), (38, 18), (36, 15), (36, 15), (28, 17), (37, 15), (37, 15), (30, 9), (30, 9), (38, 15), (38, 15), (33, 13), (16, 16), (24, 8), (24, 8), (39, 13)]
[(26, 9), (38, 18), (38, 18), (39, 13), (36, 15), (36, 15), (28, 17), (37, 15), (37, 15), (30, 9), (30, 9), (38, 15), (38, 15), (33, 13), (16, 16), (24, 8), (24, 8)]
[(38, 18), (38, 18), (39, 13), (36, 15), (36, 15), (28, 17), (37, 15), (37, 15), (30, 9), (30, 9), (38, 15), (38, 15), (33, 13), (16, 16), (24, 8), (24, 8)]
[(38, 18), (39, 13), (36, 15), (36, 15), (28, 17), (37, 15), (37, 15), (30, 9), (30, 9), (38, 15), (38, 15), (33, 13), (16, 16), (24, 8), (24, 8), (38, 19)]
[(39, 13), (36, 15), (36, 15), (28, 17), (37, 15), (37, 15), (38, 19), (30, 9), (30, 9), (38, 15), (38, 15), (33, 13), (16, 16), (24, 8), (24, 8), (38, 19)]
[(36, 15), (36, 15), (28, 17), (37, 15), (37, 15), (38, 19), (38, 19), (30, 9), (30, 9), (38, 15), (38, 15), (33, 13), (16, 16), (24, 8), (24, 8), (40, 13)]
[(36, 15), (40, 13), (28, 17), (37, 15), (37, 15), (38, 19), (38, 19), (30, 9), (30, 9), (38, 15), (38, 15), (33, 13), (16, 16), (24, 8), (24, 8), (37, 15)]
[(40, 13), (28, 17), (37, 15), (37, 15), (37, 15), (38, 19), (38, 19), (30, 9), (30, 9), (38, 15), (38, 15), (33, 13), (16, 16), (24, 8), (24, 8), (37, 15)]
[(28, 17), (37, 15), (37, 15), (37, 15), (37, 15), (38, 19), (38, 19), (30, 9), (30, 9), (38, 15), (38, 15), (33, 13), (16, 16), (24, 8), (24, 8), (40, 14)]
[(37, 15), (37, 15), (37, 15), (37, 15), (38, 19), (38, 19), (30, 9), (30, 9), (38, 15), (38, 15), (40, 14), (33, 13), (16, 16), (24, 8), (24, 8), (27, 17)]
[(37, 15), (37, 15), (37, 15), (38, 19), (38, 19), (30, 9), (30, 9), (38, 15), (38, 15), (40, 14), (33, 13), (16, 16), (24, 8), (24, 8), (27, 17), (38, 15)]
[(37, 15), (37, 15), (38, 19), (38, 19), (30, 9), (30, 9), (38, 15), (38, 15), (38, 15), (40, 14), (33, 13), (16, 16), (24, 8), (24, 8), (27, 17), (38, 15)]
[(37, 15), (38, 19), (38, 19), (30, 9), (30, 9), (38, 15), (38, 15), (38, 15), (38, 15), (40, 14), (33, 13), (16, 16), (24, 8), (24, 8), (27, 17), (38, 15)]
[(38, 19), (38, 19), (30, 9), (30, 9), (38, 15), (38, 15), (38, 15), (38, 15), (38, 15), (40, 14), (33, 13), (16, 16), (24, 8), (24, 8), (27, 17), (38, 15)]
[(38, 19), (30, 9), (30, 9), (38, 15), (38, 15), (38, 15), (38, 15), (38, 15), (38, 15), (40, 14), (33, 13), (16, 16), (24, 8), (24, 8), (27, 17), (38, 20)]
[(30, 9), (30, 9), (38, 15), (38, 15), (38, 15), (38, 15), (38, 15), (38, 15), (40, 14), (33, 13), (16, 16), (38, 20), (24, 8), (24, 8), (27, 17), (38, 20)]
[(30, 9), (38, 15), (38, 15), (38, 15), (38, 15), (38, 15), (38, 15), (40, 14), (33, 13), (16, 16), (38, 20), (38, 20), (24, 8), (24, 8), (27, 17), (29, 9)]
[(38, 15), (38, 15), (38, 15), (38, 15), (38, 15), (38, 15), (40, 14), (33, 13), (16, 16), (38, 20), (38, 20), (24, 8), (24, 8), (27, 17), (29, 9), (29, 9)]
[(38, 15), (38, 15), (38, 15), (38, 15), (38, 15), (40, 14), (33, 13), (16, 16), (38, 20), (38, 20), (24, 8), (24, 8), (27, 17), (29, 9), (29, 9)]
[(38, 15), (38, 15), (38, 15), (38, 15), (40, 14), (33, 13), (16, 16), (38, 20), (38, 20), (24, 8), (24, 8), (27, 17), (29, 9), (29, 9)]
[(38, 15), (38, 15), (38, 15), (40, 14), (33, 13), (16, 16), (38, 20), (38, 20), (24, 8), (24, 8), (27, 17), (29, 9), (29, 9)]
[(38, 15), (38, 15), (40, 14), (33, 13), (16, 16), (38, 20), (38, 20), (24, 8), (24, 8), (27, 17), (29, 9), (29, 9)]
[(38, 15), (40, 14), (33, 13), (16, 16), (38, 20), (38, 20), (24, 8), (24, 8), (27, 17), (29, 9), (29, 9)]
[(40, 14), (33, 13), (16, 16), (38, 20), (38, 20), (24, 8), (24, 8), (27, 17), (29, 9), (29, 9)]
[(33, 13), (16, 16), (38, 20), (38, 20), (24, 8), (24, 8), (27, 17), (29, 9), (29, 9), (40, 15)]
[(16, 16), (40, 15), (38, 20), (38, 20), (24, 8), (24, 8), (27, 17), (29, 9), (29, 9), (32, 13)]
[(40, 15), (38, 20), (38, 20), (24, 8), (24, 8), (27, 17), (29, 9), (29, 9), (32, 13), (16, 15)]
[(38, 20), (38, 20), (24, 8), (24, 8), (16, 15), (27, 17), (29, 9), (29, 9), (32, 13), (40, 16)]
[(38, 20), (24, 8), (24, 8), (40, 16), (16, 15), (27, 17), (29, 9), (29, 9), (32, 13), (38, 21)]
[(24, 8), (24, 8), (40, 16), (38, 21), (16, 15), (27, 17), (29, 9), (29, 9), (32, 13), (38, 21)]
[(24, 8), (40, 16), (38, 21), (38, 21), (16, 15), (27, 17), (29, 9), (29, 9), (32, 13), (24, 7)]
[(40, 16), (38, 21), (38, 21), (16, 15), (27, 17), (29, 9), (29, 9), (24, 7), (32, 13), (24, 7)]
[(38, 21), (38, 21), (16, 15), (27, 17), (29, 9), (29, 9), (24, 7), (24, 7), (32, 13), (40, 17)]
[(38, 21), (40, 17), (16, 15), (27, 17), (29, 9), (29, 9), (24, 7), (24, 7), (32, 13), (38, 22)]
[(40, 17), (38, 22), (16, 15), (27, 17), (29, 9), (29, 9), (24, 7), (24, 7), (32, 13), (38, 22)]
[(38, 22), (38, 22), (16, 15), (27, 17), (29, 9), (29, 9), (24, 7), (24, 7), (32, 13), (41, 17)]
[(38, 22), (38, 22), (16, 15), (27, 17), (29, 9), (29, 9), (24, 7), (24, 7), (32, 13), (42, 17)]
[(38, 22), (42, 17), (16, 15), (27, 17), (29, 9), (29, 9), (24, 7), (24, 7), (32, 13), (38, 23)]
[(42, 17), (16, 15), (27, 17), (29, 9), (29, 9), (24, 7), (24, 7), (32, 13), (38, 23), (38, 23)]
[(16, 15), (27, 17), (29, 9), (29, 9), (24, 7), (24, 7), (32, 13), (38, 23), (38, 23), (42, 18)]
[(27, 17), (29, 9), (29, 9), (42, 18), (24, 7), (24, 7), (32, 13), (38, 23), (38, 23), (17, 15)]
[(17, 15), (29, 9), (29, 9), (42, 18), (24, 7), (24, 7), (32, 13), (38, 23), (38, 23), (26, 17)]
[(29, 9), (29, 9), (42, 18), (24, 7), (24, 7), (32, 13), (38, 23), (38, 23), (26, 17), (18, 15)]
[(29, 9), (29, 9), (42, 18), (24, 7), (24, 7), (32, 13), (38, 23), (38, 23), (26, 17), (19, 15)]
[(29, 9), (19, 15), (42, 18), (24, 7), (24, 7), (32, 13), (38, 23), (38, 23), (26, 17), (28, 9)]
[(19, 15), (42, 18), (24, 7), (24, 7), (32, 13), (38, 23), (38, 23), (26, 17), (28, 9), (28, 9)]
[(42, 18), (24, 7), (24, 7), (32, 13), (38, 23), (38, 23), (26, 17), (28, 9), (28, 9), (20, 15)]
[(42, 18), (24, 7), (24, 7), (32, 13), (38, 23), (38, 23), (26, 17), (28, 9), (28, 9), (21, 15)]
[(42, 18), (24, 7), (24, 7), (32, 13), (38, 23), (38, 23), (26, 17), (28, 9), (28, 9), (22, 15)]
[(22, 15), (24, 7), (24, 7), (32, 13), (38, 23), (38, 23), (26, 17), (28, 9), (28, 9), (42, 19), (43, 18)]
[(24, 7), (24, 7), (32, 13), (43, 18), (38, 23), (38, 23), (42, 19), (26, 17), (28, 9), (28, 9), (23, 15)]
[(24, 7), (32, 13), (23, 15), (43, 18), (38, 23), (38, 23), (42, 19), (26, 17), (28, 9), (28, 9), (24, 6)]
[(32, 13), (23, 15), (43, 18), (38, 23), (38, 23), (42, 19), (26, 17), (24, 6), (28, 9), (28, 9), (24, 6)]
[(23, 15), (43, 18), (38, 23), (38, 23), (42, 19), (26, 17), (24, 6), (24, 6), (28, 9), (28, 9), (31, 13)]
[(43, 18), (38, 23), (38, 23), (42, 19), (26, 17), (24, 6), (24, 6), (28, 9), (28, 9), (31, 13), (24, 15)]
[(24, 15), (38, 23), (38, 23), (42, 19), (26, 17), (24, 6), (24, 6), (28, 9), (28, 9), (31, 13), (43, 19), (44, 18)]
[(38, 23), (38, 23), (44, 18), (42, 19), (43, 19), (26, 17), (24, 6), (24, 6), (28, 9), (28, 9), (31, 13), (25, 15)]
[(38, 23), (25, 15), (44, 18), (42, 19), (43, 19), (26, 17), (24, 6), (24, 6), (28, 9), (28, 9), (31, 13), (37, 23)]
[(25, 15), (44, 18), (42, 19), (43, 19), (26, 17), (24, 6), (24, 6), (28, 9), (28, 9), (31, 13), (37, 23), (37, 23)]
[(44, 18), (42, 19), (43, 19), (26, 17), (24, 6), (24, 6), (28, 9), (28, 9), (31, 13), (37, 23), (37, 23), (26, 15)]
[(26, 15), (42, 19), (43, 19), (26, 17), (24, 6), (24, 6), (28, 9), (28, 9), (31, 13), (37, 23), (37, 23), (44, 19), (44, 17)]
[(42, 19), (43, 19), (44, 19), (26, 17), (24, 6), (24, 6), (28, 9), (28, 9), (31, 13), (44, 17), (37, 23), (37, 23), (26, 16)]
[(43, 19), (44, 19), (26, 16), (26, 17), (24, 6), (24, 6), (28, 9), (28, 9), (31, 13), (44, 17), (37, 23), (37, 23), (43, 19)]
[(43, 19), (44, 19), (26, 16), (26, 17), (24, 6), (24, 6), (28, 9), (28, 9), (31, 13), (44, 17), (37, 23), (37, 23), (44, 19)]
[(44, 19), (44, 19), (26, 16), (26, 17), (24, 6), (24, 6), (28, 9), (28, 9), (31, 13), (44, 17), (37, 23), (37, 23), (44, 19)]
[(44, 19), (44, 19), (26, 16), (26, 17), (24, 6), (24, 6), (28, 9), (28, 9), (31, 13), (44, 17), (37, 23), (37, 23), (44, 20)]
[(44, 19), (26, 16), (44, 20), (26, 17), (24, 6), (24, 6), (28, 9), (28, 9), (31, 13), (44, 17), (37, 23), (37, 23), (44, 20)]
[(26, 16), (44, 20), (44, 20), (26, 17), (24, 6), (24, 6), (28, 9), (28, 9), (31, 13), (44, 17), (37, 23), (37, 23), (44, 20)]
[(44, 20), (44, 20), (44, 20), (26, 17), (24, 6), (24, 6), (28, 9), (28, 9), (31, 13), (44, 17), (37, 23), (37, 23), (26, 17)]
[(44, 20), (44, 20), (26, 17), (26, 17), (24, 6), (24, 6), (28, 9), (28, 9), (31, 13), (44, 17), (37, 23), (37, 23), (44, 21)]
[(44, 20), (26, 17), (26, 17), (24, 6), (24, 6), (28, 9), (28, 9), (44, 21), (31, 13), (44, 17), (37, 23), (37, 23), (44, 21)]
[(26, 17), (26, 17), (24, 6), (24, 6), (28, 9), (28, 9), (44, 21), (44, 21), (31, 13), (44, 17), (37, 23), (37, 23), (44, 21)]
[(26, 17), (24, 6), (24, 6), (28, 9), (28, 9), (44, 21), (44, 21), (44, 21), (31, 13), (44, 17), (37, 23), (37, 23)]
[(24, 6), (24, 6), (28, 9), (28, 9), (44, 21), (44, 21), (44, 21), (31, 13), (44, 17), (37, 23), (37, 23)]
[(24, 6), (28, 9), (28, 9), (44, 21), (44, 21), (44, 21), (31, 13), (44, 17), (37, 23), (37, 23), (24, 5)]
[(28, 9), (28, 9), (44, 21), (44, 21), (44, 21), (31, 13), (44, 17), (37, 23), (37, 23), (24, 5), (24, 5)]
[(28, 9), (44, 21), (44, 21), (44, 21), (31, 13), (44, 17), (37, 23), (37, 23), (24, 5), (24, 5), (28, 8)]
[(44, 21), (44, 21), (44, 21), (31, 13), (44, 17), (37, 23), (37, 23), (24, 5), (24, 5), (28, 8), (28, 8)]
[(44, 21), (44, 21), (31, 13), (44, 17), (37, 23), (37, 23), (24, 5), (24, 5), (28, 8), (28, 8), (43, 21)]
[(44, 21), (31, 13), (44, 17), (37, 23), (37, 23), (24, 5), (24, 5), (28, 8), (28, 8), (43, 21), (43, 21)]
[(31, 13), (44, 17), (37, 23), (37, 23), (24, 5), (24, 5), (28, 8), (28, 8), (43, 21), (43, 21), (43, 21)]
[(44, 17), (37, 23), (37, 23), (24, 5), (24, 5), (28, 8), (28, 8), (43, 21), (43, 21), (43, 21), (30, 13)]
[(37, 23), (37, 23), (24, 5), (24, 5), (28, 8), (28, 8), (43, 21), (43, 21), (43, 21), (30, 13), (44, 16)]
[(37, 23), (24, 5), (24, 5), (28, 8), (28, 8), (43, 21), (43, 21), (43, 21), (44, 16), (30, 13), (36, 23)]
[(24, 5), (24, 5), (28, 8), (28, 8), (43, 21), (43, 21), (43, 21), (44, 16), (30, 13), (36, 23), (36, 23)]
[(24, 5), (28, 8), (28, 8), (43, 21), (43, 21), (43, 21), (44, 16), (30, 13), (36, 23), (36, 23), (23, 5)]
[(28, 8), (28, 8), (43, 21), (43, 21), (43, 21), (44, 16), (30, 13), (36, 23), (36, 23), (23, 5), (23, 5)]
[(28, 8), (43, 21), (43, 21), (43, 21), (44, 16), (30, 13), (36, 23), (36, 23), (23, 5), (23, 5), (28, 7)]
[(43, 21), (43, 21), (43, 21), (44, 16), (30, 13), (36, 23), (36, 23), (28, 7), (23, 5), (23, 5), (28, 7)]
[(43, 21), (43, 21), (44, 16), (30, 13), (36, 23), (36, 23), (28, 7), (28, 7), (23, 5), (23, 5), (42, 21)]
[(43, 21), (44, 16), (30, 13), (36, 23), (36, 23), (28, 7), (28, 7), (23, 5), (23, 5), (42, 21), (42, 21)]
[(44, 16), (30, 13), (36, 23), (36, 23), (28, 7), (28, 7), (23, 5), (23, 5), (42, 21), (42, 21), (42, 21)]
[(30, 13), (36, 23), (36, 23), (28, 7), (28, 7), (23, 5), (23, 5), (42, 21), (42, 21), (42, 21), (44, 15)]
[(36, 23), (36, 23), (28, 7), (28, 7), (23, 5), (23, 5), (44, 15), (42, 21), (42, 21), (42, 21)]
[(36, 23), (28, 7), (28, 7), (23, 5), (23, 5), (44, 15), (42, 21), (42, 21), (42, 21), (36, 22)]
[(28, 7), (28, 7), (23, 5), (23, 5), (44, 15), (42, 21), (42, 21), (42, 21), (36, 22), (36, 22)]
[(28, 7), (23, 5), (23, 5), (44, 15), (42, 21), (42, 21), (42, 21), (36, 22), (36, 22), (28, 6), (27, 7)]
[(23, 5), (23, 5), (44, 15), (42, 21), (42, 21), (42, 21), (36, 22), (36, 22), (28, 6), (27, 7), (28, 6), (27, 7)]
[(23, 5), (44, 15), (42, 21), (42, 21), (42, 21), (36, 22), (36, 22), (28, 6), (28, 6), (27, 7), (27, 7), (22, 5)]
[(44, 15), (42, 21), (42, 21), (42, 21), (36, 22), (36, 22), (28, 6), (28, 6), (27, 7), (27, 7), (22, 5), (22, 5)]
[(42, 21), (42, 21), (42, 21), (36, 22), (36, 22), (28, 6), (28, 6), (27, 7), (27, 7), (22, 5), (22, 5), (45, 15), (44, 14)]
[(42, 21), (42, 21), (36, 22), (36, 22), (45, 15), (28, 6), (28, 6), (27, 7), (27, 7), (22, 5), (22, 5), (44, 14), (41, 21)]
[(42, 21), (36, 22), (36, 22), (45, 15), (28, 6), (28, 6), (27, 7), (27, 7), (22, 5), (22, 5), (44, 14), (41, 21), (41, 21)]
[(36, 22), (36, 22), (45, 15), (28, 6), (28, 6), (27, 7), (27, 7), (22, 5), (22, 5), (44, 14), (41, 21), (41, 21), (41, 21)]
[(36, 22), (45, 15), (28, 6), (28, 6), (27, 7), (27, 7), (22, 5), (22, 5), (44, 14), (41, 21), (41, 21), (41, 21), (36, 21)]
[(45, 15), (28, 6), (28, 6), (27, 7), (27, 7), (36, 21), (22, 5), (22, 5), (44, 14), (41, 21), (41, 21), (41, 21), (36, 21)]
[(28, 6), (28, 6), (27, 7), (27, 7), (36, 21), (36, 21), (22, 5), (22, 5), (44, 14), (41, 21), (41, 21), (41, 21), (46, 15)]
[(28, 6), (28, 6), (27, 7), (27, 7), (36, 21), (36, 21), (22, 5), (22, 5), (44, 14), (41, 21), (41, 21), (41, 21), (46, 16), (47, 15)]
[(47, 15), (28, 6), (28, 6), (27, 7), (27, 7), (36, 21), (36, 21), (22, 5), (22, 5), (44, 14), (41, 21), (41, 21), (41, 21), (46, 17)]
[(28, 6), (28, 6), (46, 17), (27, 7), (27, 7), (36, 21), (36, 21), (22, 5), (22, 5), (44, 14), (41, 21), (41, 21), (41, 21), (48, 15)]
[(28, 6), (46, 17), (27, 7), (27, 7), (48, 15), (36, 21), (36, 21), (22, 5), (22, 5), (44, 14), (41, 21), (41, 21), (41, 21), (28, 5)]
[(46, 17), (27, 7), (27, 7), (48, 15), (36, 21), (36, 21), (22, 5), (22, 5), (44, 14), (41, 21), (41, 21), (41, 21), (28, 5), (28, 5)]
[(27, 7), (27, 7), (48, 15), (36, 21), (36, 21), (22, 5), (22, 5), (44, 14), (41, 21), (41, 21), (41, 21), (28, 5), (28, 5)]
[(27, 7), (48, 15), (36, 21), (36, 21), (22, 5), (22, 5), (44, 14), (41, 21), (41, 21), (41, 21), (28, 5), (28, 5), (26, 7)]
[(48, 15), (36, 21), (36, 21), (22, 5), (22, 5), (44, 14), (41, 21), (41, 21), (41, 21), (28, 5), (28, 5), (26, 7), (26, 7)]
[(36, 21), (36, 21), (22, 5), (22, 5), (44, 14), (41, 21), (41, 21), (41, 21), (28, 5), (28, 5), (26, 7), (26, 7), (49, 15)]
[(36, 21), (22, 5), (22, 5), (49, 15), (44, 14), (41, 21), (41, 21), (41, 21), (28, 5), (28, 5), (26, 7), (26, 7), (36, 20)]
[(22, 5), (22, 5), (49, 15), (44, 14), (41, 21), (41, 21), (41, 21), (28, 5), (28, 5), (36, 20), (26, 7), (26, 7), (36, 20)]
[(22, 5), (49, 15), (44, 14), (41, 21), (41, 21), (41, 21), (28, 5), (28, 5), (36, 20), (36, 20), (26, 7), (26, 7), (22, 6)]
[(49, 15), (44, 14), (41, 21), (41, 21), (41, 21), (22, 6), (28, 5), (28, 5), (36, 20), (36, 20), (26, 7), (26, 7), (22, 6)]
[(44, 14), (41, 21), (41, 21), (41, 21), (22, 6), (22, 6), (28, 5), (28, 5), (36, 20), (36, 20), (26, 7), (26, 7), (50, 15)]
[(41, 21), (41, 21), (41, 21), (22, 6), (22, 6), (50, 15), (28, 5), (28, 5), (36, 20), (36, 20), (26, 7), (26, 7), (44, 13)]
[(41, 21), (41, 21), (22, 6), (22, 6), (50, 15), (28, 5), (28, 5), (36, 20), (36, 20), (26, 7), (26, 7), (44, 13), (40, 21)]
[(41, 21), (22, 6), (22, 6), (50, 15), (28, 5), (28, 5), (36, 20), (36, 20), (26, 7), (26, 7), (44, 13), (40, 21), (40, 21)]
[(22, 6), (22, 6), (50, 15), (28, 5), (28, 5), (36, 20), (36, 20), (26, 7), (26, 7), (44, 13), (40, 21), (40, 21), (40, 21)]
[(22, 6), (50, 15), (28, 5), (28, 5), (36, 20), (36, 20), (26, 7), (26, 7), (44, 13), (40, 21), (40, 21), (40, 21), (22, 7)]
[(50, 15), (22, 7), (28, 5), (28, 5), (36, 20), (36, 20), (26, 7), (26, 7), (44, 13), (40, 21), (40, 21), (40, 21), (22, 7)]
[(22, 7), (22, 7), (28, 5), (28, 5), (36, 20), (36, 20), (26, 7), (26, 7), (44, 13), (40, 21), (40, 21), (40, 21), (51, 15)]
[(22, 7), (51, 15), (28, 5), (28, 5), (36, 20), (36, 20), (26, 7), (26, 7), (44, 13), (40, 21), (40, 21), (40, 21), (21, 7)]
[(51, 15), (28, 5), (28, 5), (36, 20), (36, 20), (26, 7), (26, 7), (44, 13), (40, 21), (40, 21), (40, 21), (21, 7), (21, 7)]
[(28, 5), (28, 5), (36, 20), (36, 20), (26, 7), (26, 7), (44, 13), (40, 21), (40, 21), (40, 21), (21, 7), (21, 7), (52, 15)]
[(28, 5), (36, 20), (36, 20), (52, 15), (26, 7), (26, 7), (44, 13), (40, 21), (40, 21), (40, 21), (21, 7), (21, 7), (28, 4)]
[(36, 20), (36, 20), (52, 15), (26, 7), (26, 7), (44, 13), (40, 21), (40, 21), (40, 21), (21, 7), (21, 7), (28, 4), (28, 4)]
[(36, 20), (52, 15), (26, 7), (26, 7), (44, 13), (40, 21), (40, 21), (40, 21), (21, 7), (21, 7), (28, 4), (28, 4), (36, 19)]
[(52, 15), (26, 7), (26, 7), (44, 13), (40, 21), (40, 21), (40, 21), (21, 7), (21, 7), (28, 4), (28, 4), (36, 19), (36, 19)]
[(26, 7), (26, 7), (44, 13), (40, 21), (40, 21), (40, 21), (21, 7), (21, 7), (28, 4), (28, 4), (36, 19), (36, 19), (52, 14)]
[(26, 7), (44, 13), (40, 21), (40, 21), (40, 21), (21, 7), (21, 7), (28, 4), (28, 4), (36, 19), (36, 19), (52, 14), (26, 6)]
[(44, 13), (40, 21), (40, 21), (40, 21), (21, 7), (21, 7), (28, 4), (28, 4), (36, 19), (36, 19), (26, 6), (52, 14), (26, 6)]
[(40, 21), (40, 21), (40, 21), (21, 7), (21, 7), (28, 4), (28, 4), (36, 19), (36, 19), (26, 6), (26, 6), (52, 14), (44, 12)]
[(40, 21), (40, 21), (21, 7), (21, 7), (28, 4), (28, 4), (36, 19), (36, 19), (26, 6), (26, 6), (52, 14), (44, 12), (40, 20)]
[(40, 21), (21, 7), (21, 7), (28, 4), (28, 4), (36, 19), (36, 19), (26, 6), (26, 6), (52, 14), (44, 12), (40, 20), (40, 20)]
[(21, 7), (21, 7), (28, 4), (28, 4), (36, 19), (36, 19), (26, 6), (26, 6), (52, 14), (44, 12), (40, 20), (40, 20), (40, 20)]
[(21, 7), (28, 4), (28, 4), (36, 19), (36, 19), (26, 6), (26, 6), (52, 14), (44, 12), (40, 20), (40, 20), (40, 20), (20, 7)]
[(28, 4), (28, 4), (36, 19), (36, 19), (26, 6), (26, 6), (52, 14), (44, 12), (40, 20), (40, 20), (40, 20), (20, 7), (20, 7)]
[(28, 4), (36, 19), (36, 19), (26, 6), (26, 6), (52, 14), (44, 12), (40, 20), (40, 20), (40, 20), (20, 7), (20, 7), (28, 3)]
[(36, 19), (36, 19), (26, 6), (26, 6), (52, 14), (44, 12), (40, 20), (40, 20), (40, 20), (28, 3), (20, 7), (20, 7), (28, 3)]
[(36, 19), (26, 6), (26, 6), (52, 14), (44, 12), (40, 20), (40, 20), (40, 20), (28, 3), (28, 3), (20, 7), (20, 7), (35, 19)]
[(26, 6), (26, 6), (52, 14), (44, 12), (40, 20), (40, 20), (40, 20), (28, 3), (28, 3), (20, 7), (20, 7), (35, 19), (35, 19)]
[(26, 6), (52, 14), (44, 12), (40, 20), (40, 20), (40, 20), (28, 3), (28, 3), (20, 7), (20, 7), (35, 19), (35, 19), (26, 5)]
[(52, 14), (44, 12), (40, 20), (40, 20), (40, 20), (28, 3), (28, 3), (20, 7), (20, 7), (35, 19), (35, 19), (26, 5), (26, 5)]
[(44, 12), (40, 20), (40, 20), (40, 20), (28, 3), (28, 3), (20, 7), (20, 7), (35, 19), (35, 19), (26, 5), (26, 5), (52, 13)]
[(40, 20), (40, 20), (40, 20), (28, 3), (28, 3), (20, 7), (20, 7), (35, 19), (35, 19), (26, 5), (26, 5), (52, 13), (44, 11)]
[(40, 20), (40, 20), (28, 3), (28, 3), (20, 7), (20, 7), (35, 19), (35, 19), (26, 5), (26, 5), (52, 13), (44, 11), (40, 19)]
[(40, 20), (28, 3), (28, 3), (20, 7), (20, 7), (35, 19), (35, 19), (26, 5), (26, 5), (52, 13), (40, 19), (44, 11), (40, 19)]
[(28, 3), (28, 3), (20, 7), (20, 7), (35, 19), (35, 19), (26, 5), (26, 5), (52, 13), (40, 19), (40, 19), (44, 11), (40, 19)]
[(28, 3), (20, 7), (20, 7), (35, 19), (35, 19), (26, 5), (26, 5), (52, 13), (40, 19), (40, 19), (40, 19), (44, 11), (29, 3), (28, 2)]
[(20, 7), (20, 7), (29, 3), (35, 19), (35, 19), (26, 5), (26, 5), (52, 13), (40, 19), (40, 19), (40, 19), (44, 11), (28, 2), (29, 3), (28, 2)]
[(20, 7), (29, 3), (29, 3), (35, 19), (35, 19), (26, 5), (26, 5), (52, 13), (40, 19), (40, 19), (40, 19), (44, 11), (28, 2), (28, 2), (20, 6)]
[(29, 3), (29, 3), (35, 19), (35, 19), (26, 5), (26, 5), (52, 13), (40, 19), (40, 19), (40, 19), (44, 11), (28, 2), (28, 2), (20, 6), (20, 6)]
[(29, 3), (35, 19), (35, 19), (26, 5), (26, 5), (52, 13), (40, 19), (40, 19), (40, 19), (44, 11), (28, 2), (28, 2), (20, 6), (20, 6), (30, 3)]
[(35, 19), (35, 19), (26, 5), (26, 5), (30, 3), (52, 13), (40, 19), (40, 19), (40, 19), (44, 11), (28, 2), (28, 2), (20, 6), (20, 6), (30, 3)]
[(35, 19), (26, 5), (26, 5), (30, 3), (30, 3), (52, 13), (40, 19), (40, 19), (40, 19), (44, 11), (28, 2), (28, 2), (20, 6), (20, 6), (34, 19)]
[(26, 5), (26, 5), (30, 3), (30, 3), (52, 13), (40, 19), (40, 19), (40, 19), (44, 11), (28, 2), (28, 2), (20, 6), (20, 6), (34, 19), (34, 19)]
[(26, 5), (30, 3), (30, 3), (52, 13), (40, 19), (40, 19), (40, 19), (44, 11), (28, 2), (28, 2), (20, 6), (20, 6), (34, 19), (34, 19), (26, 4)]
[(30, 3), (30, 3), (52, 13), (40, 19), (40, 19), (40, 19), (44, 11), (28, 2), (28, 2), (20, 6), (20, 6), (26, 4), (34, 19), (34, 19), (26, 4)]
[(30, 3), (52, 13), (40, 19), (40, 19), (40, 19), (44, 11), (28, 2), (28, 2), (20, 6), (20, 6), (26, 4), (26, 4), (34, 19), (34, 19), (30, 4)]
[(52, 13), (30, 4), (40, 19), (40, 19), (40, 19), (44, 11), (28, 2), (28, 2), (20, 6), (20, 6), (26, 4), (26, 4), (34, 19), (34, 19), (30, 4)]
[(30, 4), (30, 4), (40, 19), (40, 19), (40, 19), (44, 11), (28, 2), (28, 2), (20, 6), (20, 6), (26, 4), (26, 4), (34, 19), (34, 19), (53, 13)]
[(30, 4), (40, 19), (40, 19), (40, 19), (44, 11), (53, 13), (28, 2), (28, 2), (20, 6), (20, 6), (26, 4), (26, 4), (34, 19), (34, 19), (30, 5)]
[(40, 19), (40, 19), (40, 19), (44, 11), (30, 5), (53, 13), (28, 2), (28, 2), (20, 6), (20, 6), (26, 4), (26, 4), (34, 19), (34, 19), (30, 5)]
[(40, 19), (40, 19), (44, 11), (30, 5), (30, 5), (53, 13), (28, 2), (28, 2), (20, 6), (20, 6), (26, 4), (26, 4), (34, 19), (34, 19)]
[(40, 19), (44, 11), (30, 5), (30, 5), (53, 13), (28, 2), (28, 2), (20, 6), (20, 6), (26, 4), (26, 4), (34, 19), (34, 19)]
[(44, 11), (30, 5), (30, 5), (53, 13), (28, 2), (28, 2), (20, 6), (20, 6), (26, 4), (26, 4), (34, 19), (34, 19)]
[(30, 5), (30, 5), (53, 13), (28, 2), (28, 2), (20, 6), (20, 6), (26, 4), (26, 4), (34, 19), (34, 19), (43, 11)]
[(30, 5), (53, 13), (28, 2), (28, 2), (20, 6), (20, 6), (26, 4), (26, 4), (34, 19), (34, 19), (43, 11), (30, 6)]
[(53, 13), (30, 6), (28, 2), (28, 2), (20, 6), (20, 6), (26, 4), (26, 4), (34, 19), (34, 19), (43, 11), (30, 6)]
[(30, 6), (30, 6), (28, 2), (28, 2), (20, 6), (20, 6), (26, 4), (26, 4), (34, 19), (34, 19), (43, 11), (54, 13)]
[(30, 6), (28, 2), (28, 2), (20, 6), (20, 6), (26, 4), (26, 4), (54, 13), (34, 19), (34, 19), (43, 11), (30, 7)]
[(28, 2), (28, 2), (20, 6), (20, 6), (26, 4), (26, 4), (30, 7), (54, 13), (34, 19), (34, 19), (43, 11), (30, 7)]
[(28, 2), (20, 6), (20, 6), (26, 4), (26, 4), (30, 7), (30, 7), (54, 13), (34, 19), (34, 19), (43, 11), (28, 1)]
[(20, 6), (20, 6), (26, 4), (26, 4), (30, 7), (30, 7), (54, 13), (34, 19), (34, 19), (43, 11), (28, 1), (28, 1)]
[(20, 6), (26, 4), (26, 4), (30, 7), (30, 7), (54, 13), (34, 19), (34, 19), (43, 11), (28, 1), (28, 1), (20, 5)]
[(26, 4), (26, 4), (30, 7), (30, 7), (54, 13), (34, 19), (34, 19), (43, 11), (20, 5), (28, 1), (28, 1), (20, 5)]
[(26, 4), (30, 7), (30, 7), (54, 13), (34, 19), (34, 19), (43, 11), (20, 5), (20, 5), (28, 1), (28, 1), (26, 3)]
[(30, 7), (30, 7), (54, 13), (34, 19), (34, 19), (43, 11), (20, 5), (20, 5), (28, 1), (28, 1), (26, 3), (26, 3)]
[(30, 7), (54, 13), (34, 19), (34, 19), (43, 11), (20, 5), (20, 5), (28, 1), (28, 1), (26, 3), (26, 3), (31, 7)]
[(54, 13), (31, 7), (34, 19), (34, 19), (43, 11), (20, 5), (20, 5), (28, 1), (28, 1), (26, 3), (26, 3), (31, 7)]
[(31, 7), (31, 7), (34, 19), (34, 19), (43, 11), (20, 5), (20, 5), (28, 1), (28, 1), (26, 3), (26, 3), (54, 12)]
[(31, 7), (34, 19), (34, 19), (43, 11), (20, 5), (20, 5), (28, 1), (28, 1), (26, 3), (26, 3), (54, 12), (32, 7)]
[(34, 19), (34, 19), (32, 7), (43, 11), (20, 5), (20, 5), (28, 1), (28, 1), (26, 3), (26, 3), (54, 12), (32, 7)]
[(34, 19), (32, 7), (32, 7), (43, 11), (20, 5), (20, 5), (28, 1), (28, 1), (26, 3), (26, 3), (54, 12), (33, 19)]
[(32, 7), (32, 7), (43, 11), (20, 5), (20, 5), (28, 1), (28, 1), (26, 3), (26, 3), (54, 12), (33, 19), (33, 19)]
[(32, 7), (43, 11), (20, 5), (20, 5), (28, 1), (28, 1), (26, 3), (26, 3), (54, 12), (33, 19), (33, 19), (32, 8)]
[(43, 11), (32, 8), (20, 5), (20, 5), (28, 1), (28, 1), (26, 3), (26, 3), (54, 12), (33, 19), (33, 19), (32, 8)]
[(32, 8), (32, 8), (20, 5), (20, 5), (28, 1), (28, 1), (26, 3), (26, 3), (54, 12), (33, 19), (33, 19), (42, 11)]
[(32, 8), (20, 5), (20, 5), (28, 1), (28, 1), (26, 3), (26, 3), (54, 12), (33, 19), (33, 19), (42, 11), (32, 9)]
[(32, 9), (20, 5), (20, 5), (28, 1), (28, 1), (26, 3), (26, 3), (54, 12), (33, 19), (33, 19), (42, 11), (32, 9)]
[(32, 9), (20, 5), (20, 5), (28, 1), (28, 1), (26, 3), (26, 3), (54, 12), (33, 19), (33, 19), (42, 11), (32, 10), (33, 9)]
[(20, 5), (20, 5), (28, 1), (28, 1), (33, 9), (32, 10), (26, 3), (26, 3), (54, 12), (33, 19), (33, 19), (42, 11), (32, 10), (33, 9)]
[(20, 5), (28, 1), (28, 1), (33, 9), (33, 9), (32, 10), (32, 10), (26, 3), (26, 3), (54, 12), (33, 19), (33, 19), (42, 11)]
[(28, 1), (28, 1), (33, 9), (33, 9), (32, 10), (32, 10), (26, 3), (26, 3), (54, 12), (33, 19), (33, 19), (42, 11)]
[(28, 1), (33, 9), (33, 9), (32, 10), (32, 10), (26, 3), (26, 3), (54, 12), (33, 19), (33, 19), (42, 11), (29, 1), (27, 1)]
[(33, 9), (33, 9), (32, 10), (32, 10), (26, 3), (26, 3), (29, 1), (54, 12), (33, 19), (33, 19), (42, 11), (27, 1), (29, 1), (27, 1)]
[(33, 9), (32, 10), (32, 10), (26, 3), (26, 3), (29, 1), (29, 1), (54, 12), (33, 19), (33, 19), (42, 11), (27, 1), (27, 1), (34, 9)]
[(32, 10), (32, 10), (26, 3), (26, 3), (34, 9), (29, 1), (29, 1), (54, 12), (33, 19), (33, 19), (42, 11), (27, 1), (27, 1), (34, 9)]
[(32, 10), (26, 3), (26, 3), (34, 9), (34, 9), (29, 1), (29, 1), (54, 12), (33, 19), (33, 19), (42, 11), (27, 1), (27, 1), (32, 11)]
[(26, 3), (26, 3), (34, 9), (34, 9), (29, 1), (29, 1), (54, 12), (32, 11), (33, 19), (33, 19), (42, 11), (27, 1), (27, 1), (32, 11)]
[(26, 3), (34, 9), (34, 9), (29, 1), (29, 1), (54, 12), (32, 11), (32, 11), (33, 19), (33, 19), (42, 11), (27, 1), (27, 1), (25, 3)]
[(34, 9), (34, 9), (29, 1), (29, 1), (54, 12), (32, 11), (32, 11), (33, 19), (33, 19), (42, 11), (27, 1), (27, 1), (25, 3), (25, 3)]
[(34, 9), (29, 1), (29, 1), (54, 12), (32, 11), (32, 11), (33, 19), (33, 19), (42, 11), (27, 1), (27, 1), (25, 3), (25, 3)]
[(29, 1), (29, 1), (54, 12), (32, 11), (32, 11), (33, 19), (33, 19), (42, 11), (27, 1), (27, 1), (25, 3), (25, 3)]
[(29, 1), (54, 12), (32, 11), (32, 11), (33, 19), (33, 19), (42, 11), (27, 1), (27, 1), (25, 3), (25, 3), (30, 1)]
[(54, 12), (30, 1), (32, 11), (32, 11), (33, 19), (33, 19), (42, 11), (27, 1), (27, 1), (25, 3), (25, 3), (30, 1)]
[(30, 1), (30, 1), (32, 11), (32, 11), (33, 19), (33, 19), (42, 11), (27, 1), (27, 1), (25, 3), (25, 3), (54, 11)]
[(30, 1), (32, 11), (32, 11), (33, 19), (33, 19), (42, 11), (27, 1), (27, 1), (25, 3), (25, 3), (54, 11), (31, 1)]
[(32, 11), (32, 11), (33, 19), (33, 19), (31, 1), (42, 11), (27, 1), (27, 1), (25, 3), (25, 3), (54, 11), (31, 1)]
[(32, 11), (33, 19), (33, 19), (31, 1), (31, 1), (42, 11), (27, 1), (27, 1), (25, 3), (25, 3), (54, 11), (33, 11)]
[(33, 19), (33, 19), (33, 11), (31, 1), (31, 1), (42, 11), (27, 1), (27, 1), (25, 3), (25, 3), (54, 11), (33, 11)]
[(33, 19), (33, 11), (33, 11), (31, 1), (31, 1), (42, 11), (27, 1), (27, 1), (25, 3), (25, 3), (54, 11), (32, 19)]
[(33, 11), (33, 11), (31, 1), (31, 1), (42, 11), (27, 1), (27, 1), (25, 3), (25, 3), (54, 11), (32, 19), (32, 19)]
[(33, 11), (31, 1), (31, 1), (42, 11), (27, 1), (27, 1), (25, 3), (25, 3), (54, 11), (32, 19), (32, 19), (34, 11)]
[(31, 1), (31, 1), (42, 11), (34, 11), (27, 1), (27, 1), (25, 3), (25, 3), (54, 11), (32, 19), (32, 19), (34, 11)]
[(31, 1), (42, 11), (34, 11), (34, 11), (27, 1), (27, 1), (25, 3), (25, 3), (54, 11), (32, 19), (32, 19), (32, 1)]
[(42, 11), (34, 11), (34, 11), (32, 1), (27, 1), (27, 1), (25, 3), (25, 3), (54, 11), (32, 19), (32, 19), (32, 1)]
[(34, 11), (34, 11), (32, 1), (32, 1), (27, 1), (27, 1), (25, 3), (25, 3), (54, 11), (32, 19), (32, 19), (42, 12), (42, 10)]
[(34, 11), (32, 1), (32, 1), (42, 12), (27, 1), (27, 1), (25, 3), (25, 3), (54, 11), (32, 19), (32, 19), (42, 10), (35, 11)]
[(32, 1), (32, 1), (35, 11), (42, 12), (27, 1), (27, 1), (25, 3), (25, 3), (54, 11), (32, 19), (32, 19), (42, 10), (35, 11)]
[(32, 1), (35, 11), (35, 11), (42, 12), (27, 1), (27, 1), (25, 3), (25, 3), (54, 11), (32, 19), (32, 19), (42, 10), (32, 2)]
[(35, 11), (35, 11), (42, 12), (32, 2), (27, 1), (27, 1), (25, 3), (25, 3), (54, 11), (32, 19), (32, 19), (42, 10), (32, 2)]
[(35, 11), (42, 12), (32, 2), (32, 2), (27, 1), (27, 1), (25, 3), (25, 3), (54, 11), (32, 19), (32, 19), (42, 10), (36, 11)]
[(42, 12), (36, 11), (32, 2), (32, 2), (27, 1), (27, 1), (25, 3), (25, 3), (54, 11), (32, 19), (32, 19), (42, 10), (36, 11)]
[(36, 11), (36, 11), (32, 2), (32, 2), (27, 1), (27, 1), (25, 3), (25, 3), (54, 11), (32, 19), (32, 19), (42, 10), (42, 13)]
[(36, 11), (32, 2), (32, 2), (42, 13), (27, 1), (27, 1), (25, 3), (25, 3), (54, 11), (32, 19), (32, 19), (42, 10), (37, 11)]
[(32, 2), (32, 2), (42, 13), (37, 11), (27, 1), (27, 1), (25, 3), (25, 3), (54, 11), (32, 19), (32, 19), (42, 10), (37, 11)]
[(32, 2), (42, 13), (37, 11), (37, 11), (27, 1), (27, 1), (25, 3), (25, 3), (54, 11), (32, 19), (32, 19), (42, 10), (32, 3)]
[(42, 13), (37, 11), (37, 11), (32, 3), (27, 1), (27, 1), (25, 3), (25, 3), (54, 11), (32, 19), (32, 19), (42, 10), (32, 3)]
[(37, 11), (37, 11), (32, 3), (32, 3), (27, 1), (27, 1), (25, 3), (25, 3), (54, 11), (32, 19), (32, 19), (42, 10), (42, 14)]
[(37, 11), (32, 3), (32, 3), (27, 1), (27, 1), (42, 14), (25, 3), (25, 3), (54, 11), (32, 19), (32, 19), (42, 10), (38, 11)]
[(32, 3), (32, 3), (27, 1), (27, 1), (38, 11), (42, 14), (25, 3), (25, 3), (54, 11), (32, 19), (32, 19), (42, 10), (38, 11)]
[(32, 3), (27, 1), (27, 1), (38, 11), (38, 11), (42, 14), (25, 3), (25, 3), (54, 11), (32, 19), (32, 19), (42, 10), (32, 4)]
[(27, 1), (27, 1), (38, 11), (38, 11), (42, 14), (25, 3), (25, 3), (32, 4), (54, 11), (32, 19), (32, 19), (42, 10), (32, 4)]
[(27, 1), (38, 11), (38, 11), (42, 14), (25, 3), (25, 3), (32, 4), (32, 4), (54, 11), (32, 19), (32, 19), (42, 10), (26, 1)]
[(38, 11), (38, 11), (42, 14), (25, 3), (25, 3), (32, 4), (32, 4), (54, 11), (32, 19), (32, 19), (42, 10), (26, 1), (26, 1)]
[(38, 11), (42, 14), (25, 3), (25, 3), (32, 4), (32, 4), (54, 11), (32, 19), (32, 19), (42, 10), (26, 1), (26, 1), (39, 11)]
[(42, 14), (25, 3), (25, 3), (32, 4), (32, 4), (39, 11), (54, 11), (32, 19), (32, 19), (42, 10), (26, 1), (26, 1), (39, 11)]
[(25, 3), (25, 3), (32, 4), (32, 4), (39, 11), (39, 11), (54, 11), (32, 19), (32, 19), (42, 10), (26, 1), (26, 1), (42, 15)]
[(25, 3), (32, 4), (32, 4), (39, 11), (39, 11), (42, 15), (54, 11), (32, 19), (32, 19), (42, 10), (26, 1), (26, 1), (24, 3)]
[(32, 4), (32, 4), (39, 11), (39, 11), (42, 15), (54, 11), (32, 19), (32, 19), (42, 10), (26, 1), (26, 1), (24, 3), (24, 3)]
[(32, 4), (39, 11), (39, 11), (42, 15), (54, 11), (32, 19), (32, 19), (42, 10), (26, 1), (26, 1), (24, 3), (24, 3), (32, 5)]
[(39, 11), (39, 11), (42, 15), (32, 5), (54, 11), (32, 19), (32, 19), (42, 10), (26, 1), (26, 1), (24, 3), (24, 3), (32, 5)]
[(39, 11), (42, 15), (32, 5), (32, 5), (54, 11), (32, 19), (32, 19), (42, 10), (26, 1), (26, 1), (24, 3), (24, 3), (40, 11)]
[(42, 15), (32, 5), (32, 5), (40, 11), (54, 11), (32, 19), (32, 19), (42, 10), (26, 1), (26, 1), (24, 3), (24, 3), (40, 11)]
[(32, 5), (32, 5), (40, 11), (40, 11), (54, 11), (32, 19), (32, 19), (42, 10), (26, 1), (26, 1), (24, 3), (24, 3)]
[(32, 5), (40, 11), (40, 11), (54, 11), (32, 19), (32, 19), (42, 10), (26, 1), (26, 1), (24, 3), (24, 3)]
[(40, 11), (40, 11), (54, 11), (32, 19), (32, 19), (42, 10), (26, 1), (26, 1), (24, 3), (24, 3)]
[(40, 11), (54, 11), (32, 19), (32, 19), (42, 10), (26, 1), (26, 1), (24, 3), (24, 3), (40, 10)]
[(54, 11), (32, 19), (32, 19), (42, 10), (26, 1), (26, 1), (24, 3), (24, 3), (40, 10), (40, 10)]
[(32, 19), (32, 19), (42, 10), (26, 1), (26, 1), (24, 3), (24, 3), (40, 10), (40, 10), (54, 10)]
[(32, 19), (42, 10), (26, 1), (26, 1), (24, 3), (24, 3), (40, 10), (40, 10), (54, 10), (32, 20)]
[(42, 10), (32, 20), (26, 1), (26, 1), (24, 3), (24, 3), (40, 10), (40, 10), (54, 10), (32, 20)]
[(32, 20), (32, 20), (26, 1), (26, 1), (24, 3), (24, 3), (40, 10), (40, 10), (54, 10), (42, 9)]
[(32, 20), (26, 1), (26, 1), (24, 3), (24, 3), (40, 10), (40, 10), (54, 10), (42, 9), (32, 21), (31, 20)]
[(26, 1), (26, 1), (24, 3), (24, 3), (32, 21), (40, 10), (40, 10), (54, 10), (42, 9), (31, 20), (32, 21), (31, 20)]
[(26, 1), (24, 3), (24, 3), (32, 21), (32, 21), (40, 10), (40, 10), (54, 10), (42, 9), (31, 20), (31, 20), (25, 1)]
[(24, 3), (24, 3), (32, 21), (32, 21), (40, 10), (40, 10), (54, 10), (42, 9), (31, 20), (31, 20), (25, 1), (25, 1)]
[(24, 3), (32, 21), (32, 21), (40, 10), (40, 10), (54, 10), (42, 9), (31, 20), (31, 20), (25, 1), (25, 1), (24, 2)]
[(32, 21), (32, 21), (40, 10), (40, 10), (54, 10), (42, 9), (31, 20), (31, 20), (25, 1), (25, 1), (24, 2), (24, 2)]
[(32, 21), (40, 10), (40, 10), (54, 10), (42, 9), (31, 20), (31, 20), (25, 1), (25, 1), (24, 2), (24, 2), (32, 22)]
[(40, 10), (40, 10), (54, 10), (42, 9), (32, 22), (31, 20), (31, 20), (25, 1), (25, 1), (24, 2), (24, 2), (32, 22)]
[(40, 10), (54, 10), (42, 9), (32, 22), (32, 22), (31, 20), (31, 20), (25, 1), (25, 1), (24, 2), (24, 2), (40, 9)]
[(54, 10), (42, 9), (32, 22), (32, 22), (31, 20), (31, 20), (25, 1), (25, 1), (24, 2), (24, 2), (40, 9), (40, 9)]
[(42, 9), (32, 22), (32, 22), (31, 20), (31, 20), (25, 1), (25, 1), (24, 2), (24, 2), (40, 9), (40, 9), (54, 9)]
[(32, 22), (32, 22), (31, 20), (31, 20), (25, 1), (25, 1), (24, 2), (24, 2), (40, 9), (40, 9), (54, 9), (43, 9)]
[(32, 22), (43, 9), (31, 20), (31, 20), (25, 1), (25, 1), (24, 2), (24, 2), (40, 9), (40, 9), (54, 9), (32, 23)]
[(43, 9), (31, 20), (31, 20), (25, 1), (25, 1), (32, 23), (24, 2), (24, 2), (40, 9), (40, 9), (54, 9), (32, 23)]
[(31, 20), (31, 20), (25, 1), (25, 1), (32, 23), (32, 23), (24, 2), (24, 2), (40, 9), (40, 9), (54, 9), (44, 9)]
[(31, 20), (31, 20), (25, 1), (25, 1), (32, 23), (32, 23), (24, 2), (24, 2), (40, 9), (40, 9), (54, 9), (45, 9)]
[(31, 20), (25, 1), (25, 1), (32, 23), (32, 23), (24, 2), (24, 2), (45, 9), (40, 9), (40, 9), (54, 9), (30, 20)]
[(25, 1), (25, 1), (32, 23), (32, 23), (24, 2), (24, 2), (45, 9), (40, 9), (40, 9), (54, 9), (30, 20), (30, 20)]
[(25, 1), (32, 23), (32, 23), (24, 2), (24, 2), (45, 9), (40, 9), (40, 9), (54, 9), (30, 20), (30, 20), (24, 1)]
[(32, 23), (32, 23), (24, 2), (24, 2), (45, 9), (40, 9), (40, 9), (54, 9), (24, 1), (30, 20), (30, 20), (24, 1)]
[(32, 23), (24, 2), (24, 2), (45, 9), (40, 9), (40, 9), (54, 9), (24, 1), (24, 1), (30, 20), (30, 20), (32, 24)]
[(24, 2), (24, 2), (45, 9), (40, 9), (40, 9), (32, 24), (54, 9), (24, 1), (24, 1), (30, 20), (30, 20), (32, 24)]
[(24, 2), (45, 9), (40, 9), (40, 9), (32, 24), (32, 24), (54, 9), (24, 1), (24, 1), (30, 20), (30, 20), (24, 1)]
[(45, 9), (40, 9), (40, 9), (32, 24), (32, 24), (54, 9), (24, 1), (24, 1), (24, 1), (30, 20), (30, 20), (24, 1)]
[(40, 9), (40, 9), (32, 24), (32, 24), (54, 9), (24, 1), (24, 1), (24, 1), (24, 1), (30, 20), (30, 20), (46, 9)]
[(40, 9), (46, 9), (32, 24), (32, 24), (54, 9), (24, 1), (24, 1), (24, 1), (24, 1), (30, 20), (30, 20), (39, 9)]
[(46, 9), (32, 24), (32, 24), (54, 9), (24, 1), (24, 1), (24, 1), (24, 1), (30, 20), (30, 20), (39, 9), (39, 9)]
[(32, 24), (32, 24), (54, 9), (24, 1), (24, 1), (24, 1), (24, 1), (30, 20), (30, 20), (39, 9), (39, 9), (46, 8)]
[(32, 24), (54, 9), (24, 1), (24, 1), (24, 1), (24, 1), (30, 20), (30, 20), (39, 9), (39, 9), (46, 8), (32, 25)]
[(54, 9), (32, 25), (24, 1), (24, 1), (24, 1), (24, 1), (30, 20), (30, 20), (39, 9), (39, 9), (46, 8), (32, 25)]
[(32, 25), (32, 25), (24, 1), (24, 1), (24, 1), (24, 1), (30, 20), (30, 20), (39, 9), (39, 9), (46, 8)]
[(32, 25), (24, 1), (24, 1), (24, 1), (24, 1), (30, 20), (30, 20), (39, 9), (39, 9), (46, 8), (31, 25)]
[(24, 1), (24, 1), (24, 1), (24, 1), (30, 20), (30, 20), (39, 9), (39, 9), (46, 8), (31, 25), (31, 25)]
[(24, 1), (24, 1), (24, 1), (30, 20), (30, 20), (39, 9), (39, 9), (46, 8), (31, 25), (31, 25)]
[(24, 1), (24, 1), (30, 20), (30, 20), (39, 9), (39, 9), (46, 8), (31, 25), (31, 25)]
[(24, 1), (30, 20), (30, 20), (39, 9), (39, 9), (46, 8), (31, 25), (31, 25)]
[(30, 20), (30, 20), (39, 9), (39, 9), (46, 8), (31, 25), (31, 25)]
[(30, 20), (39, 9), (39, 9), (46, 8), (31, 25), (31, 25), (30, 21), (30, 19)]
[(39, 9), (39, 9), (30, 21), (46, 8), (30, 19), (31, 25), (31, 25), (30, 21), (30, 19)]
[(39, 9), (30, 21), (30, 21), (46, 8), (30, 19), (30, 19), (31, 25), (31, 25), (38, 9)]
[(30, 21), (30, 21), (46, 8), (30, 19), (30, 19), (31, 25), (31, 25), (38, 9), (38, 9)]
[(30, 21), (46, 8), (30, 19), (30, 19), (31, 25), (31, 25), (38, 9), (38, 9), (29, 21)]
[(46, 8), (30, 19), (30, 19), (31, 25), (31, 25), (38, 9), (38, 9), (29, 21), (29, 21)]
[(30, 19), (30, 19), (31, 25), (31, 25), (38, 9), (38, 9), (29, 21), (29, 21), (46, 7)]
[(30, 19), (31, 25), (31, 25), (38, 9), (38, 9), (46, 7), (29, 21), (29, 21)]
[(31, 25), (31, 25), (38, 9), (38, 9), (46, 7), (29, 21), (29, 21)]
[(31, 25), (38, 9), (38, 9), (46, 7), (29, 21), (29, 21), (30, 25)]
[(38, 9), (38, 9), (46, 7), (29, 21), (29, 21), (30, 25), (30, 25)]
[(38, 9), (46, 7), (29, 21), (29, 21), (30, 25), (30, 25), (37, 9)]
[(46, 7), (29, 21), (29, 21), (30, 25), (30, 25), (37, 9), (37, 9)]
[(29, 21), (29, 21), (30, 25), (30, 25), (37, 9), (37, 9), (47, 7)]
[(29, 21), (47, 7), (30, 25), (30, 25), (37, 9), (37, 9), (28, 21)]
[(47, 7), (30, 25), (30, 25), (37, 9), (37, 9), (28, 21), (28, 21)]
[(30, 25), (30, 25), (37, 9), (37, 9), (28, 21), (28, 21), (48, 7)]
[(30, 25), (30, 25), (37, 9), (37, 9), (28, 21), (28, 21), (48, 6)]
[(30, 25), (37, 9), (37, 9), (28, 21), (28, 21), (48, 6), (30, 24)]
[(37, 9), (37, 9), (28, 21), (28, 21), (30, 24), (48, 6), (30, 24)]
[(37, 9), (28, 21), (28, 21), (30, 24), (30, 24), (48, 6), (36, 9)]
[(28, 21), (28, 21), (30, 24), (30, 24), (48, 6), (36, 9), (36, 9)]
[(28, 21), (30, 24), (30, 24), (48, 6), (36, 9), (36, 9), (28, 20)]
[(30, 24), (30, 24), (48, 6), (36, 9), (36, 9), (28, 20), (28, 20)]
[(30, 24), (48, 6), (36, 9), (36, 9), (28, 20), (28, 20), (30, 23)]
[(48, 6), (36, 9), (36, 9), (28, 20), (28, 20), (30, 23), (30, 23)]
[(36, 9), (36, 9), (28, 20), (28, 20), (30, 23), (30, 23), (49, 6), (48, 5)]
[(36, 9), (28, 20), (28, 20), (49, 6), (30, 23), (30, 23), (48, 5), (36, 8)]
[(28, 20), (28, 20), (49, 6), (30, 23), (30, 23), (36, 8), (48, 5), (36, 8)]
[(28, 20), (49, 6), (30, 23), (30, 23), (36, 8), (36, 8), (48, 5), (28, 19)]
[(49, 6), (30, 23), (30, 23), (36, 8), (36, 8), (28, 19), (48, 5), (28, 19)]
[(30, 23), (30, 23), (36, 8), (36, 8), (28, 19), (28, 19), (48, 5), (50, 6)]
[(30, 23), (50, 6), (36, 8), (36, 8), (28, 19), (28, 19), (48, 5), (29, 23)]
[(50, 6), (36, 8), (36, 8), (28, 19), (28, 19), (48, 5), (29, 23), (29, 23)]
[(36, 8), (36, 8), (28, 19), (28, 19), (48, 5), (29, 23), (29, 23), (50, 7), (50, 5)]
[(36, 8), (36, 8), (28, 19), (28, 19), (48, 5), (29, 23), (29, 23), (50, 5), (50, 8)]
[(36, 8), (36, 8), (28, 19), (28, 19), (48, 5), (29, 23), (29, 23), (50, 5), (50, 9)]
[(36, 8), (36, 8), (28, 19), (28, 19), (48, 5), (29, 23), (29, 23), (50, 5), (49, 9)]
[(36, 8), (28, 19), (28, 19), (48, 5), (29, 23), (29, 23), (49, 9), (50, 5), (36, 7)]
[(28, 19), (28, 19), (48, 5), (29, 23), (29, 23), (49, 9), (50, 5), (36, 7), (36, 7)]
[(28, 19), (48, 5), (29, 23), (29, 23), (49, 9), (50, 5), (36, 7), (36, 7), (27, 19)]
[(48, 5), (29, 23), (29, 23), (49, 9), (50, 5), (36, 7), (36, 7), (27, 19), (27, 19)]
[(29, 23), (29, 23), (49, 9), (50, 5), (36, 7), (36, 7), (27, 19), (27, 19), (47, 5)]
[(29, 23), (49, 9), (50, 5), (47, 5), (36, 7), (36, 7), (27, 19), (27, 19), (28, 23)]
[(49, 9), (50, 5), (47, 5), (36, 7), (36, 7), (27, 19), (27, 19), (28, 23), (28, 23)]
[(50, 5), (47, 5), (36, 7), (36, 7), (27, 19), (27, 19), (28, 23), (28, 23), (48, 9)]
[(47, 5), (36, 7), (36, 7), (27, 19), (27, 19), (48, 9), (28, 23), (28, 23), (51, 5)]
[(36, 7), (36, 7), (51, 5), (27, 19), (27, 19), (48, 9), (28, 23), (28, 23), (46, 5)]
[(36, 7), (51, 5), (27, 19), (27, 19), (48, 9), (28, 23), (28, 23), (46, 5), (35, 7)]
[(51, 5), (27, 19), (27, 19), (48, 9), (28, 23), (28, 23), (46, 5), (35, 7), (35, 7)]
[(27, 19), (27, 19), (48, 9), (28, 23), (28, 23), (46, 5), (35, 7), (35, 7), (52, 5)]
[(27, 19), (52, 5), (48, 9), (28, 23), (28, 23), (46, 5), (35, 7), (35, 7), (26, 19)]
[(52, 5), (48, 9), (28, 23), (28, 23), (46, 5), (35, 7), (35, 7), (26, 19), (26, 19)]
[(48, 9), (28, 23), (28, 23), (46, 5), (35, 7), (35, 7), (26, 19), (26, 19), (52, 4)]
[(28, 23), (28, 23), (46, 5), (35, 7), (35, 7), (26, 19), (26, 19), (52, 4), (48, 10)]
[(28, 23), (28, 23), (46, 5), (35, 7), (35, 7), (26, 19), (26, 19), (52, 4), (48, 11)]
[(28, 23), (48, 11), (46, 5), (35, 7), (35, 7), (26, 19), (26, 19), (52, 4), (27, 23)]
[(48, 11), (46, 5), (35, 7), (35, 7), (26, 19), (26, 19), (52, 4), (27, 23), (27, 23)]
[(46, 5), (35, 7), (35, 7), (26, 19), (26, 19), (52, 4), (27, 23), (27, 23), (47, 11)]
[(35, 7), (35, 7), (26, 19), (26, 19), (52, 4), (47, 11), (27, 23), (27, 23), (45, 5)]
[(35, 7), (26, 19), (26, 19), (52, 4), (47, 11), (45, 5), (27, 23), (27, 23), (35, 6), (34, 7)]
[(26, 19), (26, 19), (52, 4), (47, 11), (45, 5), (27, 23), (27, 23), (35, 6), (34, 7), (35, 6), (34, 7)]
[(26, 19), (52, 4), (47, 11), (45, 5), (27, 23), (27, 23), (35, 6), (35, 6), (34, 7), (34, 7), (26, 20), (25, 19)]
[(52, 4), (47, 11), (45, 5), (26, 20), (27, 23), (27, 23), (35, 6), (35, 6), (34, 7), (34, 7), (25, 19), (26, 20), (25, 19)]
[(47, 11), (45, 5), (26, 20), (26, 20), (27, 23), (27, 23), (35, 6), (35, 6), (34, 7), (34, 7), (25, 19), (25, 19), (52, 3)]
[(45, 5), (26, 20), (26, 20), (27, 23), (27, 23), (35, 6), (35, 6), (34, 7), (34, 7), (25, 19), (25, 19), (52, 3), (46, 11)]
[(26, 20), (26, 20), (27, 23), (27, 23), (35, 6), (35, 6), (34, 7), (34, 7), (25, 19), (25, 19), (46, 11), (52, 3), (44, 5)]
[(26, 20), (27, 23), (27, 23), (35, 6), (35, 6), (34, 7), (34, 7), (25, 19), (25, 19), (46, 11), (44, 5), (52, 3), (26, 21)]
[(27, 23), (27, 23), (35, 6), (35, 6), (34, 7), (34, 7), (26, 21), (25, 19), (25, 19), (46, 11), (44, 5), (52, 3), (26, 21)]
[(27, 23), (35, 6), (35, 6), (34, 7), (34, 7), (26, 21), (26, 21), (25, 19), (25, 19), (46, 11), (44, 5), (52, 3), (26, 23)]
[(35, 6), (35, 6), (34, 7), (34, 7), (26, 21), (26, 21), (25, 19), (25, 19), (46, 11), (44, 5), (52, 3), (26, 23), (26, 23)]
[(35, 6), (34, 7), (34, 7), (26, 21), (26, 21), (25, 19), (25, 19), (46, 11), (44, 5), (52, 3), (26, 23), (26, 23), (34, 6)]
[(34, 7), (34, 7), (26, 21), (26, 21), (25, 19), (25, 19), (46, 11), (44, 5), (52, 3), (26, 23), (26, 23), (34, 6), (34, 6)]
[(34, 7), (26, 21), (26, 21), (25, 19), (25, 19), (46, 11), (44, 5), (52, 3), (26, 23), (26, 23), (34, 6), (34, 6), (34, 6)]
[(26, 21), (26, 21), (25, 19), (25, 19), (46, 11), (44, 5), (52, 3), (26, 23), (26, 23), (34, 6), (34, 6), (34, 6), (34, 6)]
[(26, 21), (25, 19), (25, 19), (46, 11), (44, 5), (52, 3), (26, 23), (26, 23), (34, 6), (34, 6), (34, 6), (34, 6), (26, 22)]
[(25, 19), (25, 19), (26, 22), (46, 11), (44, 5), (52, 3), (26, 23), (26, 23), (34, 6), (34, 6), (34, 6), (34, 6), (26, 22)]
[(25, 19), (26, 22), (26, 22), (46, 11), (44, 5), (52, 3), (26, 23), (26, 23), (34, 6), (34, 6), (34, 6), (34, 6), (24, 19)]
[(26, 22), (26, 22), (46, 11), (44, 5), (52, 3), (26, 23), (26, 23), (34, 6), (34, 6), (34, 6), (34, 6), (24, 19), (24, 19)]
[(26, 22), (46, 11), (44, 5), (52, 3), (26, 23), (26, 23), (34, 6), (34, 6), (34, 6), (34, 6), (24, 19), (24, 19), (26, 23)]
[(46, 11), (44, 5), (52, 3), (26, 23), (26, 23), (26, 23), (34, 6), (34, 6), (34, 6), (34, 6), (24, 19), (24, 19), (26, 23)]
[(44, 5), (52, 3), (26, 23), (26, 23), (26, 23), (26, 23), (34, 6), (34, 6), (34, 6), (34, 6), (24, 19), (24, 19), (46, 12)]
[(46, 12), (52, 3), (26, 23), (26, 23), (26, 23), (26, 23), (34, 6), (34, 6), (34, 6), (34, 6), (24, 19), (24, 19), (43, 5)]
[(52, 3), (26, 23), (26, 23), (26, 23), (26, 23), (34, 6), (34, 6), (34, 6), (34, 6), (43, 5), (24, 19), (24, 19), (46, 13)]
[(46, 13), (26, 23), (26, 23), (26, 23), (26, 23), (34, 6), (34, 6), (34, 6), (34, 6), (43, 5), (24, 19), (24, 19), (53, 3)]
[(26, 23), (26, 23), (26, 23), (26, 23), (34, 6), (34, 6), (34, 6), (34, 6), (53, 3), (43, 5), (24, 19), (24, 19), (47, 13)]
[(26, 23), (26, 23), (26, 23), (47, 13), (34, 6), (34, 6), (34, 6), (34, 6), (53, 3), (43, 5), (24, 19), (24, 19)]
[(26, 23), (26, 23), (47, 13), (34, 6), (34, 6), (34, 6), (34, 6), (53, 3), (43, 5), (24, 19), (24, 19)]
[(26, 23), (47, 13), (34, 6), (34, 6), (34, 6), (34, 6), (53, 3), (43, 5), (24, 19), (24, 19)]
[(47, 13), (34, 6), (34, 6), (34, 6), (34, 6), (53, 3), (43, 5), (24, 19), (24, 19)]
[(34, 6), (34, 6), (34, 6), (34, 6), (53, 3), (43, 5), (24, 19), (24, 19), (48, 13)]
[(34, 6), (34, 6), (34, 6), (53, 3), (48, 13), (43, 5), (24, 19), (24, 19), (34, 5)]
[(34, 6), (34, 6), (53, 3), (48, 13), (43, 5), (24, 19), (24, 19), (34, 5), (34, 5)]
[(34, 6), (53, 3), (48, 13), (43, 5), (24, 19), (24, 19), (34, 5), (34, 5), (34, 5)]
[(53, 3), (48, 13), (43, 5), (24, 19), (24, 19), (34, 5), (34, 5), (34, 5), (34, 5)]
[(48, 13), (43, 5), (24, 19), (24, 19), (34, 5), (34, 5), (34, 5), (34, 5), (54, 3)]
[(43, 5), (54, 3), (24, 19), (24, 19), (34, 5), (34, 5), (34, 5), (34, 5), (49, 13)]
[(49, 13), (54, 3), (24, 19), (24, 19), (34, 5), (34, 5), (34, 5), (34, 5), (42, 5)]
[(54, 3), (24, 19), (24, 19), (34, 5), (34, 5), (34, 5), (34, 5), (42, 5), (50, 13)]
[(24, 19), (24, 19), (50, 13), (34, 5), (34, 5), (34, 5), (34, 5), (42, 5), (54, 4), (54, 2)]
[(24, 19), (24, 19), (50, 13), (34, 5), (34, 5), (34, 5), (34, 5), (42, 5), (54, 2), (54, 5)]
[(24, 19), (24, 19), (50, 13), (34, 5), (34, 5), (34, 5), (34, 5), (42, 5), (54, 2)]
[(24, 19), (50, 13), (34, 5), (34, 5), (34, 5), (34, 5), (42, 5), (54, 2), (23, 19)]
[(50, 13), (34, 5), (34, 5), (34, 5), (34, 5), (42, 5), (54, 2), (23, 19), (23, 19)]
[(34, 5), (34, 5), (34, 5), (34, 5), (42, 5), (54, 2), (23, 19), (23, 19), (50, 12)]
[(34, 5), (34, 5), (34, 5), (42, 5), (54, 2), (23, 19), (23, 19), (50, 12), (34, 4)]
[(34, 5), (34, 5), (42, 5), (54, 2), (23, 19), (23, 19), (50, 12), (34, 4), (34, 4)]
[(34, 5), (42, 5), (54, 2), (23, 19), (23, 19), (50, 12), (34, 4), (34, 4), (34, 4)]
[(42, 5), (54, 2), (23, 19), (23, 19), (50, 12), (34, 4), (34, 4), (34, 4), (34, 4)]
[(54, 2), (23, 19), (23, 19), (50, 12), (34, 4), (34, 4), (34, 4), (34, 4), (41, 5)]
[(23, 19), (23, 19), (50, 12), (34, 4), (34, 4), (34, 4), (34, 4), (41, 5), (54, 1)]
[(23, 19), (50, 12), (34, 4), (34, 4), (34, 4), (34, 4), (41, 5), (54, 1), (22, 19)]
[(50, 12), (34, 4), (34, 4), (34, 4), (34, 4), (41, 5), (54, 1), (22, 19), (22, 19)]
[(34, 4), (34, 4), (34, 4), (34, 4), (41, 5), (54, 1), (22, 19), (22, 19), (50, 11)]
[(34, 4), (34, 4), (34, 4), (41, 5), (54, 1), (22, 19), (22, 19), (50, 11), (34, 3)]
[(34, 4), (34, 4), (41, 5), (54, 1), (22, 19), (22, 19), (50, 11), (34, 3), (34, 3)]
[(34, 4), (41, 5), (54, 1), (22, 19), (22, 19), (50, 11), (34, 3), (34, 3), (34, 3)]
[(41, 5), (54, 1), (22, 19), (22, 19), (50, 11), (34, 3), (34, 3), (34, 3), (34, 3)]
[(54, 1), (22, 19), (22, 19), (50, 11), (34, 3), (34, 3), (34, 3), (34, 3), (40, 5)]
[(22, 19), (22, 19), (50, 11), (34, 3), (34, 3), (34, 3), (34, 3), (40, 5), (55, 1), (53, 1)]
[(22, 19), (50, 11), (34, 3), (34, 3), (34, 3), (34, 3), (55, 1), (40, 5), (53, 1), (22, 18)]
[(50, 11), (34, 3), (34, 3), (34, 3), (34, 3), (55, 1), (40, 5), (53, 1), (22, 18), (22, 18)]
[(34, 3), (34, 3), (34, 3), (34, 3), (55, 1), (40, 5), (53, 1), (22, 18), (22, 18), (51, 11)]
[(34, 3), (34, 3), (34, 3), (51, 11), (55, 1), (40, 5), (53, 1), (22, 18), (22, 18), (34, 2)]
[(34, 3), (34, 3), (51, 11), (55, 1), (40, 5), (53, 1), (22, 18), (22, 18), (34, 2), (34, 2)]
[(34, 3), (51, 11), (55, 1), (40, 5), (53, 1), (22, 18), (22, 18), (34, 2), (34, 2), (34, 2)]
[(51, 11), (55, 1), (40, 5), (53, 1), (22, 18), (22, 18), (34, 2), (34, 2), (34, 2), (34, 2)]
[(55, 1), (40, 5), (53, 1), (22, 18), (22, 18), (34, 2), (34, 2), (34, 2), (34, 2), (52, 11)]
[(40, 5), (52, 11), (53, 1), (22, 18), (22, 18), (34, 2), (34, 2), (34, 2), (34, 2), (56, 1)]
[(52, 11), (53, 1), (22, 18), (22, 18), (56, 1), (34, 2), (34, 2), (34, 2), (34, 2), (39, 5)]
[(53, 1), (22, 18), (22, 18), (56, 1), (34, 2), (34, 2), (34, 2), (34, 2), (39, 5), (52, 10)]
[(22, 18), (22, 18), (56, 1), (34, 2), (34, 2), (34, 2), (34, 2), (39, 5), (52, 10), (52, 1)]
[(22, 18), (56, 1), (34, 2), (34, 2), (34, 2), (34, 2), (39, 5), (52, 1), (52, 10), (22, 17)]
[(56, 1), (34, 2), (34, 2), (34, 2), (34, 2), (39, 5), (52, 1), (22, 17), (52, 10), (22, 17)]
[(34, 2), (34, 2), (34, 2), (34, 2), (39, 5), (52, 1), (22, 17), (22, 17), (52, 10), (57, 1)]
[(34, 2), (34, 2), (34, 2), (57, 1), (39, 5), (52, 1), (22, 17), (22, 17), (52, 10), (34, 1)]
[(34, 2), (34, 2), (57, 1), (39, 5), (52, 1), (22, 17), (22, 17), (52, 10), (34, 1), (34, 1)]
[(34, 2), (57, 1), (39, 5), (52, 1), (22, 17), (22, 17), (52, 10), (34, 1), (34, 1), (34, 1)]
[(57, 1), (39, 5), (52, 1), (22, 17), (22, 17), (52, 10), (34, 1), (34, 1), (34, 1), (34, 1)]
[(39, 5), (52, 1), (22, 17), (22, 17), (52, 10), (34, 1), (34, 1), (34, 1), (34, 1), (58, 1)]
[(52, 1), (22, 17), (22, 17), (52, 10), (58, 1), (34, 1), (34, 1), (34, 1), (34, 1), (38, 5)]
[(22, 17), (22, 17), (52, 10), (58, 1), (34, 1), (34, 1), (34, 1), (34, 1), (38, 5), (51, 1)]
[(22, 17), (52, 10), (58, 1), (34, 1), (34, 1), (34, 1), (34, 1), (51, 1), (38, 5), (23, 17), (21, 17)]
[(23, 17), (52, 10), (58, 1), (34, 1), (34, 1), (34, 1), (34, 1), (51, 1), (38, 5), (21, 17), (23, 17), (21, 17)]
[(23, 17), (52, 10), (58, 1), (34, 1), (34, 1), (34, 1), (34, 1), (51, 1), (38, 5), (21, 17), (21, 17), (24, 17)]
[(24, 17), (52, 10), (58, 1), (34, 1), (34, 1), (34, 1), (34, 1), (51, 1), (38, 5), (21, 17), (21, 17), (24, 17)]
[(24, 17), (52, 10), (58, 1), (34, 1), (34, 1), (34, 1), (34, 1), (51, 1), (38, 5), (21, 17), (21, 17)]
[(52, 10), (58, 1), (34, 1), (34, 1), (34, 1), (34, 1), (51, 1), (38, 5), (21, 17), (21, 17)]
[(58, 1), (34, 1), (34, 1), (34, 1), (34, 1), (51, 1), (38, 5), (21, 17), (21, 17), (52, 9)]
[(34, 1), (34, 1), (34, 1), (34, 1), (51, 1), (38, 5), (21, 17), (21, 17), (52, 9), (59, 1)]
[(34, 1), (34, 1), (34, 1), (51, 1), (38, 5), (59, 1), (21, 17), (21, 17), (52, 9), (35, 1)]
[(34, 1), (34, 1), (51, 1), (35, 1), (38, 5), (59, 1), (21, 17), (21, 17), (52, 9), (35, 1)]
[(34, 1), (51, 1), (35, 1), (35, 1), (38, 5), (59, 1), (21, 17), (21, 17), (52, 9), (35, 1)]
[(51, 1), (35, 1), (35, 1), (35, 1), (38, 5), (59, 1), (21, 17), (21, 17), (52, 9), (35, 1)]
[(35, 1), (35, 1), (35, 1), (35, 1), (38, 5), (59, 1), (21, 17), (21, 17), (52, 9), (50, 1)]
[(35, 1), (35, 1), (35, 1), (38, 5), (59, 1), (21, 17), (21, 17), (52, 9), (50, 1), (36, 1)]
[(35, 1), (35, 1), (38, 5), (59, 1), (36, 1), (21, 17), (21, 17), (52, 9), (50, 1), (36, 1)]
[(35, 1), (38, 5), (59, 1), (36, 1), (36, 1), (21, 17), (21, 17), (52, 9), (50, 1), (36, 1)]
[(38, 5), (59, 1), (36, 1), (36, 1), (36, 1), (21, 17), (21, 17), (52, 9), (50, 1), (36, 1)]
[(59, 1), (36, 1), (36, 1), (36, 1), (36, 1), (21, 17), (21, 17), (52, 9), (50, 1), (38, 6), (37, 5)]
[(38, 6), (36, 1), (36, 1), (36, 1), (36, 1), (21, 17), (21, 17), (52, 9), (50, 1), (37, 5), (60, 1)]
[(36, 1), (36, 1), (36, 1), (36, 1), (21, 17), (21, 17), (60, 1), (52, 9), (50, 1), (37, 5), (38, 7)]
[(36, 1), (36, 1), (36, 1), (38, 7), (21, 17), (21, 17), (60, 1), (52, 9), (50, 1), (37, 5), (37, 1)]
[(36, 1), (36, 1), (38, 7), (21, 17), (21, 17), (37, 1), (60, 1), (52, 9), (50, 1), (37, 5), (37, 1)]
[(36, 1), (38, 7), (21, 17), (21, 17), (37, 1), (37, 1), (60, 1), (52, 9), (50, 1), (37, 5), (37, 1)]
[(38, 7), (21, 17), (21, 17), (37, 1), (37, 1), (37, 1), (60, 1), (52, 9), (50, 1), (37, 5), (37, 1)]
[(21, 17), (21, 17), (37, 1), (37, 1), (37, 1), (37, 1), (60, 1), (52, 9), (50, 1), (37, 5), (39, 7)]
[(21, 17), (37, 1), (37, 1), (37, 1), (37, 1), (39, 7), (60, 1), (52, 9), (50, 1), (37, 5), (20, 17)]
[(37, 1), (37, 1), (37, 1), (37, 1), (39, 7), (60, 1), (52, 9), (50, 1), (37, 5), (20, 17), (20, 17)]
[(37, 1), (37, 1), (37, 1), (39, 7), (60, 1), (52, 9), (50, 1), (37, 5), (20, 17), (20, 17), (38, 1)]
[(37, 1), (37, 1), (39, 7), (60, 1), (52, 9), (38, 1), (50, 1), (37, 5), (20, 17), (20, 17), (38, 1)]
[(37, 1), (39, 7), (60, 1), (52, 9), (38, 1), (38, 1), (50, 1), (37, 5), (20, 17), (20, 17), (38, 1)]
[(39, 7), (60, 1), (52, 9), (38, 1), (38, 1), (38, 1), (50, 1), (37, 5), (20, 17), (20, 17), (38, 1)]
[(60, 1), (52, 9), (38, 1), (38, 1), (38, 1), (38, 1), (50, 1), (37, 5), (20, 17), (20, 17), (40, 7)]
[(52, 9), (38, 1), (38, 1), (38, 1), (38, 1), (50, 1), (40, 7), (37, 5), (20, 17), (20, 17), (61, 1)]
[(38, 1), (38, 1), (38, 1), (38, 1), (50, 1), (40, 7), (37, 5), (61, 1), (20, 17), (20, 17), (52, 8)]
[(38, 1), (38, 1), (38, 1), (50, 1), (40, 7), (37, 5), (61, 1), (20, 17), (20, 17), (52, 8), (39, 1)]
[(38, 1), (38, 1), (50, 1), (40, 7), (39, 1), (37, 5), (61, 1), (20, 17), (20, 17), (52, 8), (39, 1)]
[(38, 1), (50, 1), (40, 7), (39, 1), (39, 1), (37, 5), (61, 1), (20, 17), (20, 17), (52, 8), (39, 1)]
[(50, 1), (40, 7), (39, 1), (39, 1), (39, 1), (37, 5), (61, 1), (20, 17), (20, 17), (52, 8), (39, 1)]
[(40, 7), (39, 1), (39, 1), (39, 1), (39, 1), (37, 5), (61, 1), (20, 17), (20, 17), (52, 8), (50, 2)]
[(50, 2), (39, 1), (39, 1), (39, 1), (39, 1), (37, 5), (61, 1), (20, 17), (20, 17), (52, 8), (41, 7)]
[(39, 1), (39, 1), (39, 1), (39, 1), (41, 7), (37, 5), (61, 1), (20, 17), (20, 17), (52, 8), (50, 3)]
[(39, 1), (39, 1), (39, 1), (39, 1), (41, 7), (37, 5), (61, 1), (20, 17), (20, 17), (52, 8), (49, 3)]
[(39, 1), (39, 1), (39, 1), (41, 7), (37, 5), (61, 1), (20, 17), (20, 17), (49, 3), (52, 8), (40, 1)]
[(39, 1), (39, 1), (41, 7), (37, 5), (40, 1), (61, 1), (20, 17), (20, 17), (49, 3), (52, 8), (40, 1)]
[(39, 1), (41, 7), (37, 5), (40, 1), (40, 1), (61, 1), (20, 17), (20, 17), (49, 3), (52, 8), (40, 1)]
[(41, 7), (37, 5), (40, 1), (40, 1), (40, 1), (61, 1), (20, 17), (20, 17), (49, 3), (52, 8), (40, 1)]
[(37, 5), (40, 1), (40, 1), (40, 1), (40, 1), (61, 1), (20, 17), (20, 17), (49, 3), (52, 8), (42, 7)]
[(40, 1), (40, 1), (40, 1), (40, 1), (42, 7), (61, 1), (20, 17), (20, 17), (49, 3), (52, 8), (36, 5)]
[(40, 1), (40, 1), (40, 1), (42, 7), (61, 1), (20, 17), (20, 17), (49, 3), (52, 8), (36, 5), (40, 2)]
[(40, 1), (40, 1), (42, 7), (61, 1), (40, 2), (20, 17), (20, 17), (49, 3), (52, 8), (36, 5), (40, 2)]
[(40, 1), (42, 7), (61, 1), (40, 2), (40, 2), (20, 17), (20, 17), (49, 3), (52, 8), (36, 5), (40, 2)]
[(42, 7), (61, 1), (40, 2), (40, 2), (40, 2), (20, 17), (20, 17), (49, 3), (52, 8), (36, 5), (40, 2)]
[(61, 1), (40, 2), (40, 2), (40, 2), (40, 2), (20, 17), (20, 17), (49, 3), (52, 8), (36, 5), (43, 7)]
[(40, 2), (40, 2), (40, 2), (40, 2), (43, 7), (20, 17), (20, 17), (49, 3), (52, 8), (36, 5), (62, 1)]
[(40, 2), (40, 2), (40, 2), (43, 7), (20, 17), (20, 17), (49, 3), (52, 8), (62, 1), (36, 5), (40, 3)]
[(40, 2), (40, 2), (40, 3), (43, 7), (20, 17), (20, 17), (49, 3), (52, 8), (62, 1), (36, 5), (40, 3)]
[(40, 2), (40, 3), (40, 3), (43, 7), (20, 17), (20, 17), (49, 3), (52, 8), (62, 1), (36, 5), (40, 3)]
[(40, 3), (40, 3), (40, 3), (43, 7), (20, 17), (20, 17), (49, 3), (52, 8), (62, 1), (36, 5), (40, 3)]
[(40, 3), (40, 3), (40, 3), (43, 7), (20, 17), (20, 17), (49, 3), (52, 8), (62, 1), (36, 5), (41, 3)]
[(40, 3), (40, 3), (43, 7), (20, 17), (20, 17), (49, 3), (41, 3), (52, 8), (62, 1), (36, 5), (41, 3)]
[(40, 3), (43, 7), (20, 17), (20, 17), (49, 3), (41, 3), (41, 3), (52, 8), (62, 1), (36, 5), (41, 3)]
[(43, 7), (20, 17), (20, 17), (49, 3), (41, 3), (41, 3), (41, 3), (52, 8), (62, 1), (36, 5), (41, 3)]
[(20, 17), (20, 17), (49, 3), (41, 3), (41, 3), (41, 3), (41, 3), (52, 8), (62, 1), (36, 5), (44, 7)]
[(20, 17), (49, 3), (41, 3), (41, 3), (41, 3), (41, 3), (44, 7), (52, 8), (62, 1), (36, 5), (20, 18)]
[(49, 3), (41, 3), (41, 3), (41, 3), (41, 3), (44, 7), (52, 8), (62, 1), (20, 18), (36, 5), (20, 18)]
[(41, 3), (41, 3), (41, 3), (41, 3), (44, 7), (52, 8), (62, 1), (20, 18), (20, 18), (36, 5), (48, 3)]
[(41, 3), (41, 3), (41, 3), (44, 7), (52, 8), (62, 1), (20, 18), (20, 18), (36, 5), (48, 3), (42, 3)]
[(41, 3), (41, 3), (44, 7), (52, 8), (62, 1), (42, 3), (20, 18), (20, 18), (36, 5), (48, 3), (42, 3)]
[(41, 3), (44, 7), (52, 8), (62, 1), (42, 3), (42, 3), (20, 18), (20, 18), (36, 5), (48, 3), (42, 3)]
[(44, 7), (52, 8), (62, 1), (42, 3), (42, 3), (42, 3), (20, 18), (20, 18), (36, 5), (48, 3), (42, 3)]
[(52, 8), (62, 1), (42, 3), (42, 3), (42, 3), (42, 3), (20, 18), (20, 18), (36, 5), (48, 3)]
[(62, 1), (42, 3), (42, 3), (42, 3), (42, 3), (20, 18), (20, 18), (36, 5), (48, 3), (52, 7)]
[(42, 3), (42, 3), (42, 3), (42, 3), (20, 18), (20, 18), (36, 5), (48, 3), (52, 7), (63, 1)]
[(42, 3), (42, 3), (42, 3), (20, 18), (20, 18), (36, 5), (63, 1), (48, 3), (52, 7), (42, 2)]
[(42, 3), (42, 3), (20, 18), (20, 18), (36, 5), (63, 1), (48, 3), (52, 7), (42, 2), (42, 2)]
[(42, 3), (20, 18), (20, 18), (36, 5), (63, 1), (48, 3), (52, 7), (42, 2), (42, 2), (42, 2)]
[(20, 18), (20, 18), (36, 5), (63, 1), (48, 3), (52, 7), (42, 2), (42, 2), (42, 2), (42, 2)]
[(20, 18), (36, 5), (63, 1), (48, 3), (52, 7), (42, 2), (42, 2), (42, 2), (42, 2), (20, 19)]
[(36, 5), (20, 19), (63, 1), (48, 3), (52, 7), (42, 2), (42, 2), (42, 2), (42, 2), (20, 19)]
[(20, 19), (20, 19), (63, 1), (48, 3), (52, 7), (42, 2), (42, 2), (42, 2), (42, 2), (36, 4)]
[(20, 19), (63, 1), (48, 3), (52, 7), (42, 2), (42, 2), (42, 2), (42, 2), (36, 4), (20, 20)]
[(63, 1), (48, 3), (20, 20), (52, 7), (42, 2), (42, 2), (42, 2), (42, 2), (36, 4), (20, 20)]
[(48, 3), (20, 20), (20, 20), (52, 7), (42, 2), (42, 2), (42, 2), (42, 2), (36, 4), (64, 1)]
[(20, 20), (20, 20), (52, 7), (42, 2), (42, 2), (42, 2), (42, 2), (64, 1), (36, 4), (48, 2)]
[(20, 20), (52, 7), (42, 2), (42, 2), (42, 2), (42, 2), (64, 1), (36, 4), (48, 2), (20, 21)]
[(52, 7), (42, 2), (42, 2), (42, 2), (42, 2), (64, 1), (36, 4), (20, 21), (48, 2), (20, 21)]
[(42, 2), (42, 2), (42, 2), (42, 2), (64, 1), (36, 4), (20, 21), (20, 21), (48, 2), (53, 7)]
[(42, 2), (42, 2), (42, 2), (64, 1), (36, 4), (20, 21), (20, 21), (53, 7), (48, 2), (42, 1)]
[(42, 2), (42, 2), (64, 1), (36, 4), (20, 21), (20, 21), (53, 7), (48, 2), (42, 1), (42, 1)]
[(42, 2), (64, 1), (36, 4), (20, 21), (20, 21), (53, 7), (48, 2), (42, 1), (42, 1), (42, 1)]
[(64, 1), (36, 4), (20, 21), (20, 21), (53, 7), (48, 2), (42, 1), (42, 1), (42, 1), (42, 1)]
[(36, 4), (20, 21), (20, 21), (53, 7), (48, 2), (42, 1), (42, 1), (42, 1), (42, 1)]
[(20, 21), (20, 21), (53, 7), (48, 2), (42, 1), (42, 1), (42, 1), (42, 1), (36, 3)]
[(20, 21), (53, 7), (48, 2), (42, 1), (42, 1), (42, 1), (42, 1), (36, 3), (19, 21)]
[(53, 7), (48, 2), (42, 1), (42, 1), (42, 1), (42, 1), (36, 3), (19, 21), (19, 21)]
[(48, 2), (42, 1), (42, 1), (42, 1), (42, 1), (36, 3), (19, 21), (19, 21), (54, 7)]
[(54, 7), (42, 1), (42, 1), (42, 1), (42, 1), (36, 3), (19, 21), (19, 21), (48, 1)]
[(42, 1), (42, 1), (42, 1), (42, 1), (36, 3), (19, 21), (19, 21), (48, 1), (55, 7)]
[(42, 1), (42, 1), (42, 1), (36, 3), (55, 7), (19, 21), (19, 21), (48, 1), (43, 1)]
[(42, 1), (42, 1), (36, 3), (55, 7), (43, 1), (19, 21), (19, 21), (48, 1), (43, 1)]
[(42, 1), (36, 3), (55, 7), (43, 1), (43, 1), (19, 21), (19, 21), (48, 1), (43, 1)]
[(36, 3), (55, 7), (43, 1), (43, 1), (43, 1), (19, 21), (19, 21), (48, 1), (43, 1)]
[(55, 7), (43, 1), (43, 1), (43, 1), (43, 1), (19, 21), (19, 21), (48, 1), (37, 3)]
[(37, 3), (43, 1), (43, 1), (43, 1), (43, 1), (19, 21), (19, 21), (48, 1), (56, 7)]
[(43, 1), (43, 1), (43, 1), (43, 1), (19, 21), (19, 21), (56, 7), (48, 1), (38, 3)]
[(43, 1), (43, 1), (43, 1), (19, 21), (19, 21), (38, 3), (56, 7), (48, 1), (44, 1)]
[(43, 1), (43, 1), (19, 21), (19, 21), (38, 3), (56, 7), (44, 1), (48, 1), (44, 1)]
[(43, 1), (19, 21), (19, 21), (38, 3), (56, 7), (44, 1), (44, 1), (48, 1), (44, 1)]
[(19, 21), (19, 21), (38, 3), (56, 7), (44, 1), (44, 1), (44, 1), (48, 1), (44, 1)]
[(19, 21), (38, 3), (56, 7), (44, 1), (44, 1), (44, 1), (44, 1), (48, 1), (18, 21)]
[(38, 3), (56, 7), (44, 1), (44, 1), (44, 1), (44, 1), (48, 1), (18, 21), (18, 21)]
[(56, 7), (44, 1), (44, 1), (44, 1), (44, 1), (48, 1), (18, 21), (18, 21)]
[(44, 1), (44, 1), (44, 1), (44, 1), (48, 1), (18, 21), (18, 21), (56, 6)]
[(44, 1), (44, 1), (44, 1), (48, 1), (18, 21), (18, 21), (56, 6), (44, 2)]
[(44, 1), (44, 1), (44, 2), (48, 1), (18, 21), (18, 21), (56, 6), (44, 2)]
[(44, 1), (44, 2), (44, 2), (48, 1), (18, 21), (18, 21), (56, 6), (44, 2)]
[(44, 2), (44, 2), (44, 2), (48, 1), (18, 21), (18, 21), (56, 6), (44, 2)]
[(44, 2), (44, 2), (44, 2), (48, 1), (18, 21), (18, 21), (56, 6), (44, 3)]
[(44, 2), (44, 2), (48, 1), (44, 3), (18, 21), (18, 21), (56, 6), (44, 3)]
[(44, 2), (48, 1), (44, 3), (44, 3), (18, 21), (18, 21), (56, 6), (44, 3)]
[(48, 1), (44, 3), (44, 3), (44, 3), (18, 21), (18, 21), (56, 6), (44, 3)]
[(44, 3), (44, 3), (44, 3), (44, 3), (18, 21), (18, 21), (56, 6), (47, 1)]
[(44, 3), (44, 3), (44, 3), (18, 21), (18, 21), (47, 1), (56, 6), (45, 3)]
[(44, 3), (44, 3), (45, 3), (18, 21), (18, 21), (47, 1), (56, 6), (45, 3)]
[(44, 3), (45, 3), (45, 3), (18, 21), (18, 21), (47, 1), (56, 6), (45, 3)]
[(45, 3), (45, 3), (45, 3), (18, 21), (18, 21), (47, 1), (56, 6), (45, 3)]
[(45, 3), (45, 3), (45, 3), (18, 21), (18, 21), (47, 1), (56, 6), (46, 3)]
[(45, 3), (45, 3), (46, 3), (18, 21), (18, 21), (47, 1), (56, 6), (46, 3)]
[(45, 3), (46, 3), (46, 3), (18, 21), (18, 21), (47, 1), (56, 6), (46, 3)]
[(46, 3), (46, 3), (46, 3), (18, 21), (18, 21), (47, 1), (56, 6), (46, 3)]
[(46, 3), (46, 3), (46, 3), (18, 21), (18, 21), (47, 1), (56, 6), (46, 2)]
[(46, 3), (46, 3), (18, 21), (18, 21), (47, 1), (56, 6), (46, 2), (46, 2)]
[(46, 3), (18, 21), (18, 21), (47, 1), (56, 6), (46, 2), (46, 2), (46, 2)]
[(18, 21), (18, 21), (47, 1), (56, 6), (46, 2), (46, 2), (46, 2), (46, 2)]
[(18, 21), (47, 1), (56, 6), (46, 2), (46, 2), (46, 2), (46, 2), (18, 22)]
[(47, 1), (56, 6), (18, 22), (46, 2), (46, 2), (46, 2), (46, 2), (18, 22)]
[(56, 6), (18, 22), (18, 22), (46, 2), (46, 2), (46, 2), (46, 2), (46, 1)]
[(18, 22), (18, 22), (46, 1), (46, 2), (46, 2), (46, 2), (46, 2), (56, 5)]
[(18, 22), (46, 1), (46, 2), (46, 2), (46, 2), (46, 2), (56, 5), (18, 23)]
[(46, 1), (18, 23), (46, 2), (46, 2), (46, 2), (46, 2), (56, 5), (18, 23)]
[(18, 23), (18, 23), (46, 2), (46, 2), (46, 2), (46, 2), (56, 5), (46, 2)]
[(18, 23), (46, 2), (46, 2), (46, 2), (46, 2), (46, 2), (56, 5), (19, 23)]
[(19, 23), (46, 2), (46, 2), (46, 2), (46, 2), (46, 2), (56, 5), (19, 23)]
[(19, 23), (46, 2), (46, 2), (46, 2), (46, 2), (46, 2), (56, 5), (20, 23)]
[(20, 23), (46, 2), (46, 2), (46, 2), (46, 2), (46, 2), (56, 5), (20, 23)]
[(20, 23), (46, 2), (46, 2), (46, 2), (46, 2), (46, 2), (56, 5), (20, 24)]
[(46, 2), (46, 2), (46, 2), (46, 2), (46, 2), (56, 5), (20, 24), (20, 24)]
[(46, 2), (46, 2), (46, 2), (46, 2), (56, 5), (20, 24), (20, 24)]
[(46, 2), (46, 2), (46, 2), (56, 5), (20, 24), (20, 24)]
[(46, 2), (46, 2), (56, 5), (20, 24), (20, 24)]
[(46, 2), (56, 5), (20, 24), (20, 24)]
[(56, 5), (20, 24), (20, 24)]
[(20, 24), (20, 24), (57, 5), (56, 4)]
[(20, 24), (57, 5), (56, 4), (20, 25)]
[(57, 5), (20, 25), (56, 4), (20, 25)]
[(20, 25), (20, 25), (56, 4), (58, 5)]
[(20, 25), (58, 5), (56, 4), (19, 25)]
[(58, 5), (56, 4), (19, 25), (19, 25)]
[(56, 4), (19, 25), (19, 25)]
[(19, 25), (19, 25), (56, 3)]
[(19, 25), (56, 3), (18, 25)]
[(56, 3), (18, 25), (18, 25)]
[(18, 25), (18, 25), (57, 3)]
[(18, 25), (18, 25), (58, 3)]
[(18, 25), (58, 3), (17, 25)]
[(58, 3), (17, 25), (17, 25)]
[(17, 25), (17, 25), (59, 3)]
[(17, 25), (17, 25), (60, 3)]
[(17, 25), (60, 3), (16, 25)]
[(60, 3), (16, 25), (16, 25)]
[(16, 25), (16, 25), (60, 4)]
[(16, 25), (16, 25), (60, 5)]
[(16, 25), (16, 25), (61, 5)]
[(16, 25), (16, 25), (62, 5)]
[(16, 25), (62, 5), (16, 24)]
[(62, 5), (16, 24), (16, 24)]
[(16, 24), (16, 24), (62, 4)]
[(16, 24), (62, 4), (16, 23)]
[(16, 23), (62, 4), (16, 23)]
[(16, 23), (62, 4), (16, 22)]
[(62, 4), (16, 22), (16, 22)]
[(16, 22), (16, 22), (62, 3)]
[(16, 22), (62, 3), (16, 21)]
[(62, 3), (16, 21), (16, 21)]
[(16, 21), (16, 21), (63, 3)]
[(16, 21), (63, 3), (16, 20)]
[(63, 3), (16, 20), (16, 20)]
[(16, 20), (16, 20), (64, 3)]
[(16, 20), (64, 3), (16, 19)]
[(64, 3), (16, 19), (16, 19)]
[(16, 19), (16, 19), (64, 4)]
[(16, 19), (16, 19), (64, 5)]
[(16, 19), (16, 19), (64, 6)]
[(16, 19), (16, 19), (64, 7)]
[(16, 19), (16, 19), (64, 8), (63, 7)]
[(16, 19), (16, 19), (63, 7), (64, 9)]
[(16, 19), (16, 19), (63, 7)]
[(16, 19), (63, 7), (17, 19), (15, 19)]
[(17, 19), (63, 7), (15, 19), (17, 19), (15, 19)]
[(17, 19), (63, 7), (15, 19), (15, 19), (18, 19)]
[(18, 19), (63, 7), (15, 19), (15, 19), (18, 19)]
[(18, 19), (63, 7), (15, 19), (15, 19), (18, 18)]
[(63, 7), (18, 18), (15, 19), (15, 19), (18, 18)]
[(18, 18), (18, 18), (15, 19), (15, 19), (62, 7)]
[(18, 18), (18, 18), (15, 19), (15, 19), (62, 8)]
[(18, 18), (18, 18), (15, 19), (15, 19), (62, 9)]
[(18, 18), (18, 18), (15, 19), (15, 19), (62, 10)]
[(18, 18), (18, 18), (15, 19), (15, 19), (62, 11)]
[(18, 18), (18, 18), (15, 19), (15, 19), (63, 11)]
[(18, 18), (15, 19), (15, 19), (63, 11), (18, 17)]
[(15, 19), (15, 19), (63, 11), (18, 17), (18, 17)]
[(15, 19), (63, 11), (18, 17), (18, 17), (14, 19)]
[(63, 11), (18, 17), (18, 17), (14, 19), (14, 19)]
[(18, 17), (18, 17), (14, 19), (14, 19), (64, 11)]
[(18, 17), (64, 11), (14, 19), (14, 19)]
[(64, 11), (14, 19), (14, 19)]
[(14, 19), (14, 19), (64, 12)]
[(14, 19), (14, 19), (64, 13)]
[(14, 19), (14, 19), (64, 14)]
[(14, 19), (14, 19), (64, 15)]
[(14, 19), (14, 19), (64, 16)]
[(14, 19), (14, 19), (64, 17)]
[(14, 19), (14, 19), (64, 18)]
[(14, 19), (14, 19), (64, 19)]
[(14, 19), (14, 19), (64, 20), (63, 19)]
[(14, 19), (14, 19), (63, 19), (64, 21)]
[(14, 19), (14, 19), (63, 19), (64, 22)]
[(14, 19), (14, 19), (63, 19), (64, 23)]
[(14, 19), (14, 19), (63, 19), (63, 23)]
[(14, 19), (63, 19), (63, 23), (14, 20)]
[(63, 19), (63, 23), (14, 20), (14, 20)]
[(63, 23), (14, 20), (14, 20), (62, 19)]
[(14, 20), (14, 20), (62, 19), (62, 23)]
[(14, 20), (62, 19), (62, 23), (14, 21)]
[(62, 19), (62, 23), (14, 21), (14, 21)]
[(62, 23), (14, 21), (14, 21), (62, 20)]
[(62, 20), (14, 21), (14, 21), (61, 23)]
[(14, 21), (14, 21), (61, 23), (62, 21)]
[(14, 21), (14, 21), (61, 23), (61, 21)]
[(14, 21), (61, 21), (61, 23), (14, 22)]
[(14, 22), (61, 21), (61, 23), (14, 22)]
[(14, 22), (61, 21), (61, 23), (14, 23)]
[(61, 21), (61, 23), (14, 23), (14, 23)]
[(61, 23), (14, 23), (14, 23), (60, 21)]
[(14, 23), (14, 23), (60, 21), (60, 23)]
[(14, 23), (60, 21), (60, 23), (13, 23)]
[(60, 21), (60, 23), (13, 23), (13, 23)]
[(60, 23), (13, 23), (13, 23), (60, 20)]
[(13, 23), (13, 23), (60, 20), (60, 24)]
[(13, 23), (13, 23), (60, 20), (60, 25)]
[(13, 23), (13, 23), (60, 20), (61, 25)]
[(13, 23), (13, 23), (60, 20), (62, 25)]
[(13, 23), (62, 25), (60, 20), (12, 23)]
[(62, 25), (60, 20), (12, 23), (12, 23)]
[(60, 20), (12, 23), (12, 23), (62, 26)]
[(60, 20), (12, 23), (12, 23), (62, 27)]
[(60, 20), (12, 23), (12, 23), (61, 27)]
[(61, 27), (12, 23), (12, 23), (60, 19)]
[(12, 23), (12, 23), (60, 19), (60, 27)]
[(12, 23), (60, 19), (60, 27), (11, 23)]
[(60, 19), (60, 27), (11, 23), (11, 23)]
[(60, 27), (11, 23), (11, 23), (59, 19)]
[(59, 19), (11, 23), (11, 23), (60, 28)]
[(59, 19), (11, 23), (11, 23), (60, 29)]
[(59, 19), (11, 23), (11, 23), (60, 30)]
[(59, 19), (11, 23), (11, 23), (60, 31)]
[(59, 19), (11, 23), (11, 23), (60, 32)]
[(11, 23), (11, 23), (60, 32), (58, 19)]
[(11, 23), (60, 32), (58, 19), (10, 23)]
[(60, 32), (58, 19), (10, 23), (10, 23)]
[(58, 19), (10, 23), (10, 23), (60, 33)]
[(60, 33), (10, 23), (10, 23), (58, 18)]
[(10, 23), (10, 23), (58, 18), (60, 34)]
[(10, 23), (58, 18), (60, 34), (10, 22)]
[(58, 18), (60, 34), (10, 22), (10, 22)]
[(60, 34), (10, 22), (10, 22), (58, 17)]
[(10, 22), (10, 22), (58, 17), (60, 35)]
[(10, 22), (58, 17), (60, 35), (10, 21)]
[(10, 21), (58, 17), (60, 35), (10, 21)]
[(10, 21), (58, 17), (60, 35), (11, 21)]
[(11, 21), (58, 17), (60, 35), (11, 21)]
[(11, 21), (58, 17), (60, 35), (12, 21)]
[(12, 21), (58, 17), (60, 35), (12, 21)]
[(12, 21), (58, 17), (60, 35), (12, 20)]
[(58, 17), (60, 35), (12, 20), (12, 20)]
[(60, 35), (12, 20), (12, 20), (58, 16)]
[(12, 20), (12, 20), (58, 16), (61, 35), (59, 35)]
[(12, 20), (12, 20), (59, 35), (58, 16), (62, 35)]
[(12, 20), (62, 35), (59, 35), (58, 16), (12, 19)]
[(62, 35), (59, 35), (58, 16), (12, 19), (12, 19)]
[(59, 35), (58, 16), (12, 19), (12, 19), (63, 35), (62, 34)]
[(59, 35), (58, 16), (12, 19), (12, 19), (63, 35), (62, 33)]
[(59, 35), (58, 16), (12, 19), (12, 19), (63, 35), (62, 32)]
