[(6, 9)]
[(7, 9)]
[(8, 9), (7, 8)]
[(7, 8), (9, 9)]
[(7, 8), (10, 9)]
[(7, 8), (11, 9)]
[(7, 8), (11, 8)]
[(7, 8), (11, 7)]
[(7, 8), (10, 7)]
[(7, 8), (9, 7)]
[(7, 8), (9, 6)]
[(7, 8), (9, 5)]
[(7, 8), (10, 5)]
[(7, 8), (11, 5)]
[(7, 8), (12, 5)]
[(7, 8), (13, 5)]
[(7, 8), (13, 4)]
[(7, 8), (13, 3)]
[(7, 8), (14, 3)]
[(7, 8), (15, 3)]
[(7, 8), (15, 2)]
[(7, 8), (15, 1)]
[(7, 8), (16, 1)]
[(7, 8), (17, 1)]
[(7, 8), (18, 1)]
[(7, 8), (19, 1)]
[(7, 8), (20, 1)]
[(7, 8), (21, 1)]
[(7, 8), (22, 1)]
[(7, 8), (23, 1)]
[(7, 8), (23, 2)]
[(7, 8), (23, 3)]
[(7, 8), (22, 3)]
[(7, 8), (21, 3)]
[(7, 8), (20, 3)]
[(7, 8), (19, 3)]
[(7, 8), (18, 3)]
[(7, 8), (17, 3)]
[(7, 8), (17, 4)]
[(7, 8), (17, 5)]
[(7, 8), (16, 5)]
[(7, 8), (15, 5)]
[(7, 8), (15, 6)]
[(7, 8), (15, 7)]
[(7, 8), (14, 7)]
[(7, 8), (13, 7)]
[(7, 8), (13, 8)]
[(7, 8), (13, 9)]
[(7, 8), (13, 10), (14, 9)]
[(13, 10), (7, 8), (15, 9)]
[(13, 10), (7, 8), (16, 9)]
[(13, 10), (7, 8), (17, 9)]
[(13, 10), (7, 8), (17, 10)]
[(13, 10), (7, 8), (17, 11)]
[(13, 10), (7, 8), (16, 11)]
[(13, 10), (7, 8), (15, 11)]
[(13, 10), (7, 8), (15, 12), (14, 11)]
[(14, 11), (13, 10), (7, 8), (15, 13)]
[(14, 11), (13, 10), (7, 8), (14, 13)]
[(14, 11), (13, 10), (7, 8), (13, 13)]
[(13, 13), (13, 10), (7, 8), (13, 11)]
[(13, 11), (13, 10), (7, 8), (13, 12)]
[(13, 11), (13, 10), (7, 8)]
[(13, 10), (7, 8), (12, 11)]
[(12, 11), (7, 8)]
[(7, 8), (11, 11)]
[(7, 8), (10, 11)]
[(7, 8), (9, 11)]
[(7, 8), (9, 12)]
[(7, 8), (9, 13), (8, 12)]
[(8, 12), (7, 8), (8, 13)]
[(8, 12), (7, 8), (7, 13)]
[(7, 13), (7, 8)]
[(7, 8), (6, 13)]
[(7, 8), (5, 13)]
[(7, 8), (5, 14)]
[(7, 8), (5, 15)]
[(7, 8), (6, 15)]
[(7, 8), (7, 15)]
[(7, 8), (8, 15)]
[(7, 8), (9, 15)]
[(7, 8), (9, 16)]
[(7, 8), (9, 17)]
[(7, 8), (10, 17)]
[(7, 8), (11, 17)]
[(7, 8), (11, 16)]
[(7, 8), (12, 16), (11, 15)]
[(11, 15), (7, 8), (13, 16), (12, 15)]
[(12, 15), (11, 15), (7, 8), (13, 17), (13, 15)]
[(13, 15), (12, 15), (11, 15), (7, 8), (13, 18)]
[(13, 15), (12, 15), (11, 15), (7, 8), (13, 19)]
[(13, 15), (12, 15), (11, 15), (7, 8), (12, 19)]
[(13, 15), (12, 15), (11, 15), (7, 8), (11, 19)]
[(11, 19), (12, 15), (11, 15), (7, 8)]
[(12, 15), (11, 15), (7, 8), (10, 19)]
[(10, 19), (11, 15), (7, 8)]
[(11, 15), (7, 8), (9, 19)]
[(9, 19), (7, 8), (11, 14)]
[(9, 19), (7, 8), (11, 13)]
[(11, 13), (7, 8), (8, 19)]
[(8, 19), (7, 8)]
[(7, 8), (7, 19)]
[(7, 8), (7, 20)]
[(7, 8), (7, 21)]
[(7, 8), (7, 22)]
[(7, 8), (7, 23)]
[(7, 8), (8, 23)]
[(7, 8), (9, 23)]
[(7, 8), (10, 23)]
[(7, 8), (11, 23)]
[(7, 8), (11, 24)]
[(7, 8), (11, 25)]
[(7, 8), (11, 26), (10, 25)]
[(10, 25), (7, 8), (11, 27)]
[(10, 25), (7, 8), (11, 28)]
[(10, 25), (7, 8), (11, 29)]
[(10, 25), (7, 8), (12, 29)]
[(10, 25), (7, 8), (13, 29)]
[(10, 25), (7, 8), (14, 29)]
[(10, 25), (7, 8), (15, 29), (14, 28)]
[(14, 28), (10, 25), (7, 8), (15, 28)]
[(14, 28), (10, 25), (7, 8), (15, 27)]
[(14, 28), (10, 25), (7, 8), (16, 27), (15, 26)]
[(15, 26), (14, 28), (10, 25), (7, 8), (17, 27)]
[(15, 26), (14, 28), (10, 25), (7, 8), (17, 26)]
[(15, 26), (14, 28), (10, 25), (7, 8), (17, 25)]
[(15, 26), (14, 28), (10, 25), (7, 8), (18, 25)]
[(15, 26), (14, 28), (10, 25), (7, 8), (19, 25)]
[(15, 26), (14, 28), (10, 25), (7, 8), (20, 25)]
[(15, 26), (14, 28), (10, 25), (7, 8), (21, 25)]
[(15, 26), (14, 28), (10, 25), (7, 8), (21, 26)]
[(15, 26), (14, 28), (10, 25), (7, 8), (21, 27)]
[(15, 26), (14, 28), (10, 25), (7, 8), (22, 27)]
[(15, 26), (14, 28), (10, 25), (7, 8), (23, 27)]
[(15, 26), (14, 28), (10, 25), (7, 8), (24, 27)]
[(15, 26), (14, 28), (10, 25), (7, 8), (25, 27)]
[(15, 26), (14, 28), (10, 25), (7, 8), (26, 27)]
[(15, 26), (14, 28), (10, 25), (7, 8), (27, 27)]
[(15, 26), (14, 28), (10, 25), (7, 8), (27, 28)]
[(15, 26), (14, 28), (10, 25), (7, 8), (27, 29)]
[(15, 26), (14, 28), (10, 25), (7, 8), (27, 30), (28, 29)]
[(27, 30), (15, 26), (14, 28), (10, 25), (7, 8), (29, 29)]
[(27, 30), (15, 26), (14, 28), (10, 25), (7, 8), (29, 30), (29, 28)]
[(29, 28), (27, 30), (15, 26), (14, 28), (10, 25), (7, 8), (29, 31)]
[(29, 28), (27, 30), (15, 26), (14, 28), (10, 25), (7, 8), (28, 31)]
[(28, 31), (27, 30), (15, 26), (14, 28), (10, 25), (7, 8), (29, 27)]
[(28, 31), (27, 30), (15, 26), (14, 28), (10, 25), (7, 8), (30, 27), (29, 26)]
[(29, 26), (28, 31), (27, 30), (15, 26), (14, 28), (10, 25), (7, 8), (31, 27)]
[(29, 26), (28, 31), (27, 30), (15, 26), (14, 28), (10, 25), (7, 8), (31, 28)]
[(29, 26), (28, 31), (27, 30), (15, 26), (14, 28), (10, 25), (7, 8), (31, 29)]
[(29, 26), (28, 31), (27, 30), (15, 26), (14, 28), (10, 25), (7, 8), (32, 29)]
[(29, 26), (28, 31), (27, 30), (15, 26), (14, 28), (10, 25), (7, 8), (33, 29)]
[(29, 26), (28, 31), (27, 30), (15, 26), (14, 28), (10, 25), (7, 8), (33, 28)]
[(29, 26), (28, 31), (27, 30), (15, 26), (14, 28), (10, 25), (7, 8), (33, 27)]
[(29, 26), (28, 31), (27, 30), (15, 26), (14, 28), (10, 25), (7, 8), (33, 26)]
[(29, 26), (28, 31), (27, 30), (15, 26), (14, 28), (10, 25), (7, 8), (33, 25)]
[(29, 26), (28, 31), (27, 30), (15, 26), (14, 28), (10, 25), (7, 8), (34, 25)]
[(29, 26), (28, 31), (27, 30), (15, 26), (14, 28), (10, 25), (7, 8), (35, 25)]
[(29, 26), (28, 31), (27, 30), (15, 26), (14, 28), (10, 25), (7, 8), (36, 25)]
[(29, 26), (28, 31), (27, 30), (15, 26), (14, 28), (10, 25), (7, 8), (37, 25)]
[(29, 26), (28, 31), (27, 30), (15, 26), (14, 28), (10, 25), (7, 8), (38, 25)]
[(29, 26), (28, 31), (27, 30), (15, 26), (14, 28), (10, 25), (7, 8), (39, 25)]
[(29, 26), (28, 31), (27, 30), (15, 26), (14, 28), (10, 25), (7, 8), (39, 26)]
[(29, 26), (28, 31), (27, 30), (15, 26), (14, 28), (10, 25), (7, 8), (39, 27)]
[(29, 26), (28, 31), (27, 30), (15, 26), (14, 28), (10, 25), (7, 8), (39, 28)]
[(29, 26), (28, 31), (27, 30), (15, 26), (14, 28), (10, 25), (7, 8), (39, 29)]
[(29, 26), (28, 31), (27, 30), (15, 26), (14, 28), (10, 25), (7, 8), (39, 30)]
[(29, 26), (28, 31), (27, 30), (15, 26), (14, 28), (10, 25), (7, 8), (39, 31)]
[(29, 26), (28, 31), (27, 30), (15, 26), (14, 28), (10, 25), (7, 8), (39, 32)]
[(29, 26), (28, 31), (27, 30), (15, 26), (14, 28), (10, 25), (7, 8), (39, 33)]
[(29, 26), (28, 31), (27, 30), (15, 26), (14, 28), (10, 25), (7, 8), (38, 33)]
[(29, 26), (28, 31), (27, 30), (15, 26), (14, 28), (10, 25), (7, 8), (37, 33)]
[(29, 26), (28, 31), (27, 30), (15, 26), (14, 28), (10, 25), (7, 8), (37, 34)]
[(29, 26), (28, 31), (27, 30), (15, 26), (14, 28), (10, 25), (7, 8), (37, 35)]
[(29, 26), (28, 31), (27, 30), (15, 26), (14, 28), (10, 25), (7, 8), (38, 35), (36, 35)]
[(36, 35), (29, 26), (28, 31), (27, 30), (15, 26), (14, 28), (10, 25), (7, 8), (39, 35)]
[(36, 35), (29, 26), (28, 31), (27, 30), (15, 26), (14, 28), (10, 25), (7, 8), (40, 35)]
[(36, 35), (29, 26), (28, 31), (27, 30), (15, 26), (14, 28), (10, 25), (7, 8), (41, 35)]
[(36, 35), (29, 26), (28, 31), (27, 30), (15, 26), (14, 28), (10, 25), (7, 8), (41, 34)]
[(36, 35), (29, 26), (28, 31), (27, 30), (15, 26), (14, 28), (10, 25), (7, 8), (41, 33)]
[(36, 35), (29, 26), (28, 31), (27, 30), (15, 26), (14, 28), (10, 25), (7, 8), (42, 33)]
[(36, 35), (29, 26), (28, 31), (27, 30), (15, 26), (14, 28), (10, 25), (7, 8), (43, 33)]
[(36, 35), (29, 26), (28, 31), (27, 30), (15, 26), (14, 28), (10, 25), (7, 8), (44, 33)]
[(36, 35), (29, 26), (28, 31), (27, 30), (15, 26), (14, 28), (10, 25), (7, 8), (45, 33)]
[(36, 35), (29, 26), (28, 31), (27, 30), (15, 26), (14, 28), (10, 25), (7, 8), (45, 34)]
[(36, 35), (29, 26), (28, 31), (27, 30), (15, 26), (14, 28), (10, 25), (7, 8), (45, 35)]
[(36, 35), (29, 26), (28, 31), (27, 30), (15, 26), (14, 28), (10, 25), (7, 8), (46, 35), (44, 35)]
[(44, 35), (36, 35), (29, 26), (28, 31), (27, 30), (15, 26), (14, 28), (10, 25), (7, 8), (47, 35)]
[(44, 35), (36, 35), (29, 26), (28, 31), (27, 30), (15, 26), (14, 28), (10, 25), (7, 8), (47, 34)]
[(44, 35), (36, 35), (29, 26), (28, 31), (27, 30), (15, 26), (14, 28), (10, 25), (7, 8), (47, 33)]
[(44, 35), (36, 35), (29, 26), (28, 31), (27, 30), (15, 26), (14, 28), (10, 25), (7, 8), (47, 32)]
[(44, 35), (36, 35), (29, 26), (28, 31), (27, 30), (15, 26), (14, 28), (10, 25), (7, 8), (47, 31)]
[(44, 35), (36, 35), (29, 26), (28, 31), (27, 30), (15, 26), (14, 28), (10, 25), (7, 8), (48, 31)]
[(44, 35), (36, 35), (29, 26), (28, 31), (27, 30), (15, 26), (14, 28), (10, 25), (7, 8), (49, 31)]
[(44, 35), (36, 35), (29, 26), (28, 31), (27, 30), (15, 26), (14, 28), (10, 25), (7, 8), (49, 32)]
[(44, 35), (36, 35), (29, 26), (28, 31), (27, 30), (15, 26), (14, 28), (10, 25), (7, 8), (49, 33)]
[(44, 35), (36, 35), (29, 26), (28, 31), (27, 30), (15, 26), (14, 28), (10, 25), (7, 8), (50, 33)]
[(44, 35), (36, 35), (29, 26), (28, 31), (27, 30), (15, 26), (14, 28), (10, 25), (7, 8), (51, 33)]
[(44, 35), (36, 35), (29, 26), (28, 31), (27, 30), (15, 26), (14, 28), (10, 25), (7, 8), (51, 34)]
[(44, 35), (36, 35), (29, 26), (28, 31), (27, 30), (15, 26), (14, 28), (10, 25), (7, 8), (51, 35)]
[(44, 35), (36, 35), (29, 26), (28, 31), (27, 30), (15, 26), (14, 28), (10, 25), (7, 8), (52, 35), (50, 35)]
[(50, 35), (44, 35), (36, 35), (29, 26), (28, 31), (27, 30), (15, 26), (14, 28), (10, 25), (7, 8), (53, 35)]
[(50, 35), (44, 35), (36, 35), (29, 26), (28, 31), (27, 30), (15, 26), (14, 28), (10, 25), (7, 8), (54, 35)]
[(54, 35), (44, 35), (36, 35), (29, 26), (28, 31), (27, 30), (15, 26), (14, 28), (10, 25), (7, 8), (49, 35)]
[(49, 35), (44, 35), (36, 35), (29, 26), (28, 31), (27, 30), (15, 26), (14, 28), (10, 25), (7, 8), (55, 35)]
[(55, 35), (44, 35), (36, 35), (29, 26), (28, 31), (27, 30), (15, 26), (14, 28), (10, 25), (7, 8)]
[(44, 35), (36, 35), (29, 26), (28, 31), (27, 30), (15, 26), (14, 28), (10, 25), (7, 8), (55, 34)]
[(44, 35), (36, 35), (29, 26), (28, 31), (27, 30), (15, 26), (14, 28), (10, 25), (7, 8), (55, 33)]
[(44, 35), (36, 35), (29, 26), (28, 31), (27, 30), (15, 26), (14, 28), (10, 25), (7, 8), (56, 33)]
[(44, 35), (36, 35), (29, 26), (28, 31), (27, 30), (15, 26), (14, 28), (10, 25), (7, 8), (57, 33)]
[(44, 35), (36, 35), (29, 26), (28, 31), (27, 30), (15, 26), (14, 28), (10, 25), (7, 8), (57, 34)]
[(44, 35), (36, 35), (29, 26), (28, 31), (27, 30), (15, 26), (14, 28), (10, 25), (7, 8), (57, 35)]
[(44, 35), (36, 35), (29, 26), (28, 31), (27, 30), (15, 26), (14, 28), (10, 25), (7, 8), (58, 35)]
[(44, 35), (36, 35), (29, 26), (28, 31), (27, 30), (15, 26), (14, 28), (10, 25), (7, 8), (59, 35)]
[(44, 35), (36, 35), (29, 26), (28, 31), (27, 30), (15, 26), (14, 28), (10, 25), (7, 8), (60, 35)]
[(60, 35), (36, 35), (29, 26), (28, 31), (27, 30), (15, 26), (14, 28), (10, 25), (7, 8), (43, 35)]
[(43, 35), (36, 35), (29, 26), (28, 31), (27, 30), (15, 26), (14, 28), (10, 25), (7, 8), (61, 35)]
[(61, 35), (36, 35), (29, 26), (28, 31), (27, 30), (15, 26), (14, 28), (10, 25), (7, 8)]
[(36, 35), (29, 26), (28, 31), (27, 30), (15, 26), (14, 28), (10, 25), (7, 8), (61, 34)]
[(36, 35), (29, 26), (28, 31), (27, 30), (15, 26), (14, 28), (10, 25), (7, 8), (61, 33)]
[(36, 35), (29, 26), (28, 31), (27, 30), (15, 26), (14, 28), (10, 25), (7, 8), (61, 32)]
[(36, 35), (29, 26), (28, 31), (27, 30), (15, 26), (14, 28), (10, 25), (7, 8), (61, 31)]
[(36, 35), (29, 26), (28, 31), (27, 30), (15, 26), (14, 28), (10, 25), (7, 8), (62, 31)]
[(36, 35), (29, 26), (28, 31), (27, 30), (15, 26), (14, 28), (10, 25), (7, 8), (63, 31)]
[(36, 35), (29, 26), (28, 31), (27, 30), (15, 26), (14, 28), (10, 25), (7, 8), (63, 32), (63, 30)]
[(63, 32), (36, 35), (29, 26), (28, 31), (27, 30), (15, 26), (14, 28), (10, 25), (7, 8), (63, 29)]
[(63, 32), (36, 35), (29, 26), (28, 31), (27, 30), (15, 26), (14, 28), (10, 25), (7, 8), (62, 29)]
[(63, 32), (36, 35), (29, 26), (28, 31), (27, 30), (15, 26), (14, 28), (10, 25), (7, 8), (61, 29)]
[(63, 32), (36, 35), (29, 26), (28, 31), (27, 30), (15, 26), (14, 28), (10, 25), (7, 8), (60, 29)]
[(63, 32), (36, 35), (29, 26), (28, 31), (27, 30), (15, 26), (14, 28), (10, 25), (7, 8), (60, 28), (59, 29)]
[(60, 28), (63, 32), (36, 35), (29, 26), (28, 31), (27, 30), (15, 26), (14, 28), (10, 25), (7, 8), (59, 30), (59, 28)]
[(59, 28), (60, 28), (63, 32), (36, 35), (29, 26), (28, 31), (27, 30), (15, 26), (14, 28), (10, 25), (7, 8), (59, 31)]
[(59, 28), (60, 28), (63, 32), (36, 35), (29, 26), (28, 31), (27, 30), (15, 26), (14, 28), (10, 25), (7, 8), (59, 32), (58, 31)]
[(59, 28), (59, 32), (60, 28), (63, 32), (36, 35), (29, 26), (28, 31), (27, 30), (15, 26), (14, 28), (10, 25), (7, 8), (57, 31)]
[(59, 28), (59, 32), (60, 28), (63, 32), (36, 35), (29, 26), (28, 31), (27, 30), (15, 26), (14, 28), (10, 25), (7, 8), (57, 30), (56, 31)]
[(57, 30), (59, 28), (59, 32), (60, 28), (63, 32), (36, 35), (29, 26), (28, 31), (27, 30), (15, 26), (14, 28), (10, 25), (7, 8), (56, 30), (55, 31)]
[(56, 30), (57, 30), (59, 28), (59, 32), (60, 28), (63, 32), (36, 35), (29, 26), (28, 31), (27, 30), (15, 26), (14, 28), (10, 25), (7, 8), (54, 31)]
[(56, 30), (57, 30), (59, 28), (59, 32), (60, 28), (63, 32), (36, 35), (29, 26), (28, 31), (27, 30), (15, 26), (14, 28), (10, 25), (7, 8), (53, 31)]
[(56, 30), (57, 30), (59, 28), (59, 32), (60, 28), (63, 32), (36, 35), (29, 26), (28, 31), (27, 30), (15, 26), (14, 28), (10, 25), (7, 8), (53, 32), (52, 31)]
[(53, 32), (56, 30), (57, 30), (59, 28), (59, 32), (60, 28), (63, 32), (36, 35), (29, 26), (28, 31), (27, 30), (15, 26), (14, 28), (10, 25), (7, 8), (52, 30), (51, 31)]
