[(8, 2)]
[(8, 1)]
[(9, 1)]
[(10, 1)]
[(10, 2)]
[(10, 3)]
[(11, 3)]
[(12, 3)]
[(13, 3)]
[(14, 3)]
[(14, 4)]
[(14, 5)]
[(15, 5), (13, 5)]
[(13, 5), (16, 5)]
[(13, 5), (17, 5)]
[(13, 5), (18, 5)]
[(13, 5), (19, 5)]
[(13, 5), (20, 5)]
[(13, 5), (20, 6), (20, 4)]
[(13, 5), (20, 4), (20, 7)]
[(13, 5), (20, 4), (19, 7)]
[(20, 4), (19, 7), (12, 5)]
[(19, 7), (12, 5), (20, 3)]
[(12, 5), (20, 3), (18, 7)]
[(20, 3), (18, 7), (12, 6)]
[(18, 7), (12, 6), (20, 2), (19, 3)]
[(12, 6), (20, 2), (19, 3), (17, 7)]
[(20, 2), (19, 3), (17, 7), (12, 7)]
[(20, 2), (19, 3), (17, 7), (12, 8), (13, 7)]
[(13, 7), (20, 2), (19, 3), (17, 7), (12, 9)]
[(12, 9), (20, 2), (19, 3), (17, 7), (14, 7)]
[(14, 7), (20, 2), (19, 3), (17, 7), (12, 10), (11, 9)]
[(12, 10), (20, 2), (19, 3), (17, 7), (11, 9), (14, 8)]
[(14, 8), (20, 2), (19, 3), (17, 7), (11, 9), (12, 11)]
[(12, 11), (20, 2), (19, 3), (17, 7), (11, 9), (14, 9)]
[(14, 9), (20, 2), (19, 3), (17, 7), (11, 9)]
[(20, 2), (19, 3), (17, 7), (11, 9)]
[(19, 3), (17, 7), (11, 9), (20, 1)]
[(17, 7), (11, 9), (20, 1), (18, 3)]
[(11, 9), (20, 1), (18, 3), (16, 7)]
[(20, 1), (18, 3), (16, 7), (10, 9)]
[(18, 3), (16, 7), (10, 9), (21, 1)]
[(16, 7), (10, 9), (21, 1), (18, 2)]
[(10, 9), (21, 1), (18, 2), (16, 8)]
[(21, 1), (16, 8), (18, 2), (10, 8), (9, 9)]
[(16, 8), (18, 2), (10, 8), (9, 9), (22, 1)]
[(22, 1), (18, 2), (10, 8), (9, 9), (16, 9)]
[(16, 9), (18, 2), (10, 8), (9, 9), (23, 1)]
[(23, 1), (18, 2), (10, 8), (9, 9), (17, 9)]
[(17, 9), (18, 2), (10, 8), (9, 9), (24, 1)]
[(24, 1), (18, 2), (10, 8), (9, 9), (18, 9)]
[(18, 9), (18, 2), (10, 8), (9, 9), (25, 1)]
[(25, 1), (18, 2), (10, 8), (9, 9), (19, 9)]
[(19, 9), (18, 2), (10, 8), (9, 9), (26, 1)]
[(26, 1), (18, 2), (10, 8), (9, 9), (20, 9)]
[(20, 9), (18, 2), (10, 8), (9, 9), (27, 1)]
[(27, 1), (18, 2), (10, 8), (9, 9), (21, 9)]
[(21, 9), (18, 2), (10, 8), (9, 9), (28, 1)]
[(28, 1), (18, 2), (10, 8), (9, 9), (22, 9)]
[(22, 9), (18, 2), (10, 8), (9, 9), (28, 2), (29, 1)]
[(28, 2), (29, 1), (18, 2), (10, 8), (9, 9), (23, 9)]
[(29, 1), (23, 9), (18, 2), (10, 8), (9, 9), (28, 3)]
[(23, 9), (28, 3), (18, 2), (10, 8), (9, 9), (30, 1)]
[(28, 3), (30, 1), (18, 2), (10, 8), (9, 9), (24, 9)]
[(30, 1), (24, 9), (18, 2), (10, 8), (9, 9)]
[(24, 9), (18, 2), (10, 8), (9, 9), (30, 2), (31, 1)]
[(30, 2), (31, 1), (18, 2), (10, 8), (9, 9), (24, 8)]
[(31, 1), (18, 2), (10, 8), (9, 9), (24, 8), (30, 3)]
[(30, 3), (18, 2), (10, 8), (9, 9), (24, 8), (32, 1)]
[(32, 1), (18, 2), (10, 8), (9, 9), (24, 8), (31, 3)]
[(31, 3), (18, 2), (10, 8), (9, 9), (24, 8), (33, 1)]
[(33, 1), (18, 2), (10, 8), (9, 9), (24, 8), (32, 3)]
[(32, 3), (18, 2), (10, 8), (9, 9), (24, 8), (34, 1)]
[(34, 1), (18, 2), (10, 8), (9, 9), (24, 8), (32, 4)]
[(32, 4), (18, 2), (10, 8), (9, 9), (24, 8), (35, 1)]
[(35, 1), (18, 2), (10, 8), (9, 9), (24, 8), (32, 5)]
[(32, 5), (18, 2), (10, 8), (9, 9), (24, 8), (36, 1)]
[(36, 1), (18, 2), (10, 8), (9, 9), (24, 8), (31, 5)]
[(18, 2), (10, 8), (9, 9), (24, 8), (31, 5), (37, 1)]
[(18, 2), (10, 8), (9, 9), (24, 8), (31, 5), (38, 1)]
[(18, 2), (10, 8), (9, 9), (24, 8), (31, 5), (38, 2), (39, 1)]
[(39, 1), (18, 2), (10, 8), (9, 9), (24, 8), (31, 5), (38, 3)]
[(38, 3), (18, 2), (10, 8), (9, 9), (24, 8), (31, 5), (40, 1)]
[(40, 1), (18, 2), (10, 8), (9, 9), (24, 8), (31, 5), (38, 4), (37, 3)]
[(38, 4), (18, 2), (10, 8), (9, 9), (24, 8), (31, 5), (37, 3), (41, 1)]
[(41, 1), (18, 2), (10, 8), (9, 9), (24, 8), (31, 5), (37, 3), (38, 5)]
[(38, 5), (18, 2), (10, 8), (9, 9), (24, 8), (31, 5), (37, 3), (42, 1)]
[(42, 1), (18, 2), (10, 8), (9, 9), (24, 8), (31, 5), (37, 3), (39, 5)]
[(39, 5), (18, 2), (10, 8), (9, 9), (24, 8), (31, 5), (37, 3), (42, 2)]
[(42, 2), (18, 2), (10, 8), (9, 9), (24, 8), (31, 5), (37, 3), (40, 5)]
[(40, 5), (18, 2), (10, 8), (9, 9), (24, 8), (31, 5), (37, 3), (42, 3)]
[(42, 3), (18, 2), (10, 8), (9, 9), (24, 8), (31, 5), (37, 3), (40, 4)]
[(18, 2), (10, 8), (9, 9), (24, 8), (31, 5), (37, 3), (40, 4), (41, 3)]
[(10, 8), (9, 9), (24, 8), (31, 5), (37, 3), (40, 4), (41, 3), (18, 1)]
[(9, 9), (24, 8), (31, 5), (37, 3), (40, 4), (41, 3), (18, 1), (10, 7), (9, 8)]
[(24, 8), (31, 5), (37, 3), (40, 4), (41, 3), (18, 1), (10, 7), (9, 8), (9, 8), (8, 9)]
[(31, 5), (37, 3), (40, 4), (41, 3), (18, 1), (10, 7), (9, 8), (9, 8), (8, 9), (24, 7)]
[(37, 3), (40, 4), (41, 3), (18, 1), (10, 7), (9, 8), (9, 8), (8, 9), (24, 7), (30, 5)]
[(40, 4), (41, 3), (18, 1), (10, 7), (9, 8), (9, 8), (8, 9), (24, 7), (30, 5), (36, 3)]
[(41, 3), (18, 1), (10, 7), (9, 8), (9, 8), (8, 9), (24, 7), (30, 5), (36, 3), (40, 3)]
[(18, 1), (10, 7), (9, 8), (9, 8), (8, 9), (24, 7), (30, 5), (36, 3), (40, 3), (40, 3)]
[(10, 7), (9, 8), (9, 8), (8, 9), (24, 7), (30, 5), (36, 3), (40, 3), (40, 3), (17, 1)]
[(9, 8), (9, 8), (8, 9), (24, 7), (30, 5), (36, 3), (40, 3), (40, 3), (17, 1), (10, 6)]
[(9, 8), (8, 9), (24, 7), (30, 5), (36, 3), (40, 3), (40, 3), (17, 1), (10, 6), (8, 8)]
[(8, 9), (24, 7), (30, 5), (36, 3), (40, 3), (40, 3), (17, 1), (10, 6), (8, 8), (8, 8)]
[(24, 7), (30, 5), (36, 3), (40, 3), (40, 3), (17, 1), (10, 6), (8, 8), (8, 8), (8, 8), (7, 9)]
[(30, 5), (36, 3), (40, 3), (40, 3), (17, 1), (10, 6), (8, 8), (8, 8), (8, 8), (7, 9), (24, 6)]
[(36, 3), (40, 3), (40, 3), (17, 1), (10, 6), (8, 8), (8, 8), (8, 8), (7, 9), (24, 6), (29, 5)]
[(40, 3), (40, 3), (17, 1), (10, 6), (8, 8), (8, 8), (8, 8), (7, 9), (24, 6), (29, 5), (36, 4)]
[(40, 3), (36, 4), (17, 1), (10, 6), (8, 8), (8, 8), (8, 8), (7, 9), (24, 6), (29, 5)]
[(36, 4), (17, 1), (10, 6), (8, 8), (8, 8), (8, 8), (7, 9), (24, 6), (29, 5)]
[(17, 1), (10, 6), (8, 8), (8, 8), (8, 8), (7, 9), (24, 6), (29, 5), (36, 5)]
[(17, 1), (10, 6), (8, 8), (8, 8), (8, 8), (7, 9), (24, 6), (29, 5), (36, 6)]
[(17, 1), (10, 6), (8, 8), (8, 8), (8, 8), (7, 9), (24, 6), (29, 5), (36, 7)]
[(17, 1), (10, 6), (8, 8), (8, 8), (8, 8), (7, 9), (24, 6), (29, 5), (35, 7)]
[(10, 6), (8, 8), (8, 8), (8, 8), (7, 9), (24, 6), (29, 5), (35, 7), (16, 1)]
[(8, 8), (8, 8), (8, 8), (7, 9), (24, 6), (29, 5), (35, 7), (16, 1), (10, 5)]
[(8, 8), (8, 8), (7, 9), (24, 6), (29, 5), (35, 7), (16, 1), (10, 5), (8, 7)]
[(8, 8), (7, 9), (24, 6), (29, 5), (35, 7), (16, 1), (10, 5), (8, 7), (8, 7)]
[(7, 9), (24, 6), (29, 5), (35, 7), (16, 1), (10, 5), (8, 7), (8, 7), (8, 7)]
[(24, 6), (29, 5), (35, 7), (16, 1), (10, 5), (8, 7), (8, 7), (8, 7), (6, 9)]
[(29, 5), (35, 7), (16, 1), (10, 5), (8, 7), (8, 7), (8, 7), (6, 9), (24, 5)]
[(35, 7), (16, 1), (10, 5), (8, 7), (8, 7), (8, 7), (6, 9), (24, 5), (28, 5)]
[(16, 1), (10, 5), (8, 7), (8, 7), (8, 7), (6, 9), (24, 5), (28, 5), (34, 7)]
[(10, 5), (8, 7), (8, 7), (8, 7), (6, 9), (24, 5), (28, 5), (34, 7), (16, 2), (15, 1)]
[(8, 7), (8, 7), (8, 7), (6, 9), (24, 5), (28, 5), (34, 7), (16, 2), (15, 1), (9, 5)]
[(8, 7), (8, 7), (6, 9), (24, 5), (28, 5), (34, 7), (16, 2), (15, 1), (9, 5), (7, 7)]
[(8, 7), (6, 9), (24, 5), (28, 5), (34, 7), (16, 2), (15, 1), (9, 5), (7, 7), (7, 7)]
[(6, 9), (24, 5), (28, 5), (34, 7), (16, 2), (15, 1), (9, 5), (7, 7), (7, 7), (7, 7)]
[(24, 5), (28, 5), (34, 7), (16, 2), (15, 1), (9, 5), (7, 7), (7, 7), (7, 7), (6, 10), (6, 8)]
[(28, 5), (34, 7), (16, 2), (6, 10), (15, 1), (9, 5), (7, 7), (7, 7), (7, 7), (6, 8), (23, 5)]
[(34, 7), (16, 2), (6, 10), (15, 1), (9, 5), (7, 7), (7, 7), (7, 7), (6, 8), (23, 5), (27, 5)]
[(16, 2), (6, 10), (15, 1), (9, 5), (7, 7), (7, 7), (7, 7), (6, 8), (23, 5), (27, 5), (34, 8), (34, 6)]
[(6, 10), (34, 8), (15, 1), (9, 5), (7, 7), (7, 7), (7, 7), (6, 8), (23, 5), (27, 5), (34, 6), (16, 3)]
[(34, 8), (16, 3), (15, 1), (9, 5), (7, 7), (7, 7), (7, 7), (6, 8), (23, 5), (27, 5), (34, 6), (6, 11)]
[(16, 3), (6, 11), (15, 1), (9, 5), (7, 7), (7, 7), (7, 7), (6, 8), (23, 5), (27, 5), (34, 6), (34, 9), (33, 8)]
[(6, 11), (34, 9), (15, 1), (9, 5), (7, 7), (7, 7), (7, 7), (6, 8), (23, 5), (27, 5), (34, 6), (33, 8)]
[(34, 9), (15, 1), (9, 5), (7, 7), (7, 7), (7, 7), (6, 8), (23, 5), (27, 5), (34, 6), (33, 8), (6, 12)]
[(6, 12), (15, 1), (9, 5), (7, 7), (7, 7), (7, 7), (6, 8), (23, 5), (27, 5), (34, 6), (33, 8), (33, 9)]
[(15, 1), (9, 5), (7, 7), (7, 7), (7, 7), (6, 8), (23, 5), (27, 5), (34, 6), (33, 8), (33, 9), (6, 13)]
[(15, 1), (9, 5), (7, 7), (7, 7), (7, 7), (6, 8), (23, 5), (27, 5), (34, 6), (33, 8), (33, 9)]
[(9, 5), (7, 7), (7, 7), (7, 7), (6, 8), (23, 5), (27, 5), (34, 6), (33, 8), (33, 9), (14, 1)]
[(7, 7), (7, 7), (7, 7), (6, 8), (23, 5), (27, 5), (34, 6), (33, 8), (33, 9), (14, 1), (8, 5)]
[(7, 7), (7, 7), (6, 8), (23, 5), (27, 5), (34, 6), (33, 8), (33, 9), (14, 1), (8, 5), (6, 7)]
[(7, 7), (6, 8), (23, 5), (27, 5), (34, 6), (33, 8), (33, 9), (14, 1), (8, 5), (6, 7), (6, 7)]
[(6, 8), (23, 5), (27, 5), (34, 6), (33, 8), (33, 9), (14, 1), (8, 5), (6, 7), (6, 7), (6, 7)]
[(23, 5), (27, 5), (34, 6), (33, 8), (33, 9), (14, 1), (8, 5), (6, 7), (6, 7), (6, 7), (6, 7)]
[(27, 5), (34, 6), (33, 8), (33, 9), (14, 1), (8, 5), (6, 7), (6, 7), (6, 7), (6, 7), (22, 5)]
[(34, 6), (33, 8), (33, 9), (14, 1), (8, 5), (6, 7), (6, 7), (6, 7), (6, 7), (22, 5), (26, 5)]
[(33, 8), (33, 9), (14, 1), (8, 5), (6, 7), (6, 7), (6, 7), (6, 7), (22, 5), (26, 5), (34, 5)]
[(33, 9), (14, 1), (8, 5), (6, 7), (6, 7), (6, 7), (6, 7), (22, 5), (26, 5), (34, 5), (33, 9), (32, 8)]
[(33, 9), (14, 1), (8, 5), (6, 7), (6, 7), (6, 7), (6, 7), (22, 5), (26, 5), (34, 5), (32, 8), (32, 9)]
[(14, 1), (8, 5), (6, 7), (6, 7), (6, 7), (6, 7), (22, 5), (26, 5), (34, 5), (32, 8), (32, 9), (32, 9)]
[(8, 5), (6, 7), (6, 7), (6, 7), (6, 7), (22, 5), (26, 5), (34, 5), (32, 8), (32, 9), (32, 9), (13, 1)]
[(6, 7), (6, 7), (6, 7), (6, 7), (22, 5), (26, 5), (34, 5), (32, 8), (32, 9), (32, 9), (13, 1), (7, 5)]
[(6, 7), (6, 7), (6, 7), (22, 5), (26, 5), (34, 5), (32, 8), (32, 9), (32, 9), (13, 1), (7, 5)]
[(6, 7), (6, 7), (22, 5), (26, 5), (34, 5), (32, 8), (32, 9), (32, 9), (13, 1), (7, 5)]
[(6, 7), (22, 5), (26, 5), (34, 5), (32, 8), (32, 9), (32, 9), (13, 1), (7, 5)]
[(22, 5), (26, 5), (34, 5), (32, 8), (32, 9), (32, 9), (13, 1), (7, 5)]
[(26, 5), (34, 5), (32, 8), (32, 9), (32, 9), (13, 1), (7, 5), (22, 6), (22, 4)]
[(34, 5), (32, 8), (32, 9), (32, 9), (22, 6), (13, 1), (7, 5), (22, 4), (26, 4)]
[(32, 8), (32, 9), (32, 9), (22, 6), (13, 1), (7, 5), (22, 4), (26, 4), (34, 4)]
[(32, 9), (32, 9), (22, 6), (13, 1), (7, 5), (22, 4), (26, 4), (34, 4), (32, 9), (32, 7), (31, 8)]
[(32, 9), (22, 6), (32, 9), (13, 1), (7, 5), (22, 4), (26, 4), (34, 4), (32, 7), (31, 8)]
[(22, 6), (32, 9), (13, 1), (7, 5), (22, 4), (26, 4), (34, 4), (32, 7), (31, 8)]
[(32, 9), (13, 1), (7, 5), (22, 4), (26, 4), (34, 4), (32, 7), (31, 8), (22, 7)]
[(22, 7), (13, 1), (7, 5), (22, 4), (26, 4), (34, 4), (32, 7), (31, 8)]
[(13, 1), (7, 5), (22, 4), (26, 4), (34, 4), (32, 7), (31, 8)]
[(7, 5), (22, 4), (26, 4), (34, 4), (32, 7), (31, 8), (12, 1)]
[(22, 4), (26, 4), (34, 4), (32, 7), (31, 8), (12, 1), (6, 5)]
[(26, 4), (34, 4), (32, 7), (31, 8), (12, 1), (6, 5), (22, 3)]
[(34, 4), (32, 7), (31, 8), (12, 1), (6, 5), (22, 3), (26, 3)]
[(32, 7), (31, 8), (12, 1), (6, 5), (22, 3), (26, 3), (34, 3)]
[(31, 8), (12, 1), (6, 5), (22, 3), (26, 3), (34, 3), (31, 7)]
[(12, 1), (6, 5), (22, 3), (26, 3), (34, 3), (31, 7), (31, 7), (30, 8)]
[(6, 5), (22, 3), (26, 3), (34, 3), (31, 7), (31, 7), (30, 8)]
[(22, 3), (26, 3), (34, 3), (31, 7), (31, 7), (30, 8), (6, 4)]
[(26, 3), (34, 3), (31, 7), (31, 7), (30, 8), (6, 4), (23, 3)]
[(34, 3), (31, 7), (31, 7), (30, 8), (23, 3), (6, 4), (25, 3)]
[(31, 7), (31, 7), (30, 8), (23, 3), (6, 4), (25, 3)]
[(31, 7), (30, 8), (23, 3), (6, 4), (25, 3), (30, 7)]
[(30, 8), (23, 3), (6, 4), (25, 3), (30, 7), (30, 7)]
[(23, 3), (6, 4), (25, 3), (30, 7), (30, 7), (30, 9), (30, 7)]
[(30, 9), (6, 4), (25, 3), (30, 7), (30, 7), (30, 7), (24, 3)]
[(24, 3), (6, 4), (25, 3), (30, 7), (30, 7), (30, 7), (30, 10)]
[(30, 10), (6, 4), (25, 3), (30, 7), (30, 7), (30, 7), (25, 3)]
[(25, 3), (6, 4), (25, 3), (30, 7), (30, 7), (30, 7), (30, 11)]
[(30, 11), (6, 4), (25, 3), (30, 7), (30, 7), (30, 7)]
[(6, 4), (25, 3), (30, 7), (30, 7), (30, 7), (30, 12)]
[(6, 4), (25, 3), (30, 7), (30, 7), (30, 7), (30, 13)]
[(6, 4), (25, 3), (30, 7), (30, 7), (30, 7), (31, 13)]
[(6, 4), (25, 3), (30, 7), (30, 7), (30, 7), (32, 13)]
[(6, 4), (25, 3), (30, 7), (30, 7), (30, 7), (33, 13)]
[(6, 4), (25, 3), (30, 7), (30, 7), (30, 7), (34, 13)]
[(6, 4), (25, 3), (30, 7), (30, 7), (30, 7), (34, 12)]
[(25, 3), (30, 7), (30, 7), (30, 7), (34, 12), (6, 3)]
[(30, 7), (30, 7), (30, 7), (34, 12), (6, 3)]
[(30, 7), (30, 7), (34, 12), (6, 3)]
[(30, 7), (34, 12), (6, 3)]
[(34, 12), (6, 3)]
[(6, 3), (34, 11)]
[(34, 11), (6, 2)]
[(6, 2), (35, 11), (33, 11)]
[(6, 2), (33, 11), (36, 11)]
[(6, 2), (33, 11), (36, 12), (36, 10)]
[(6, 2), (33, 11), (36, 10), (36, 13)]
[(6, 2), (33, 11), (36, 10), (36, 14)]
[(6, 2), (33, 11), (36, 10), (36, 15)]
[(6, 2), (33, 11), (36, 10), (35, 15)]
[(33, 11), (36, 10), (35, 15), (6, 1)]
[(36, 10), (35, 15), (6, 1), (32, 11)]
[(35, 15), (6, 1), (32, 11), (36, 9)]
[(6, 1), (32, 11), (36, 9), (34, 15)]
[(32, 11), (36, 9), (34, 15), (5, 1)]
[(36, 9), (34, 15), (5, 1)]
[(34, 15), (5, 1), (37, 9)]
[(37, 9), (5, 1), (34, 16)]
[(34, 16), (5, 1), (38, 9)]
[(38, 9), (5, 1), (34, 17)]
[(34, 17), (5, 1), (38, 10), (38, 8)]
[(38, 10), (5, 1), (38, 8), (33, 17)]
[(5, 1), (38, 8), (33, 17), (38, 11)]
[(5, 1), (38, 8), (33, 17), (38, 12), (39, 11)]
[(39, 11), (5, 1), (38, 8), (33, 17), (38, 13)]
[(38, 13), (5, 1), (38, 8), (33, 17), (40, 11)]
[(40, 11), (5, 1), (38, 8), (33, 17)]
[(5, 1), (38, 8), (33, 17), (40, 12), (40, 10)]
[(5, 1), (38, 8), (33, 17), (40, 10), (40, 13)]
[(5, 1), (38, 8), (33, 17), (40, 10), (40, 14)]
[(5, 1), (38, 8), (33, 17), (40, 10), (40, 15)]
[(5, 1), (38, 8), (33, 17), (40, 10), (39, 15)]
[(38, 8), (33, 17), (40, 10), (39, 15), (4, 1)]
[(33, 17), (40, 10), (39, 15), (4, 1), (38, 7)]
[(40, 10), (39, 15), (4, 1), (38, 7), (32, 17)]
[(39, 15), (4, 1), (38, 7), (32, 17), (40, 9)]
[(4, 1), (38, 7), (32, 17), (40, 9), (38, 15)]
[(38, 7), (32, 17), (40, 9), (38, 15), (4, 2), (3, 1)]
[(32, 17), (40, 9), (38, 15), (4, 2), (3, 1), (39, 7)]
[(40, 9), (38, 15), (4, 2), (39, 7), (3, 1), (31, 17)]
[(38, 15), (4, 2), (39, 7), (3, 1), (31, 17), (41, 9)]
[(4, 2), (39, 7), (41, 9), (3, 1), (31, 17), (38, 16)]
[(39, 7), (41, 9), (38, 16), (3, 1), (31, 17), (4, 3)]
[(41, 9), (38, 16), (4, 3), (3, 1), (31, 17), (40, 7)]
[(38, 16), (4, 3), (40, 7), (3, 1), (31, 17), (42, 9)]
[(4, 3), (40, 7), (42, 9), (3, 1), (31, 17), (38, 17)]
[(40, 7), (42, 9), (38, 17), (3, 1), (31, 17), (4, 4)]
[(42, 9), (38, 17), (4, 4), (3, 1), (31, 17), (41, 7)]
[(38, 17), (4, 4), (41, 7), (3, 1), (31, 17), (42, 10), (43, 9)]
[(4, 4), (41, 7), (42, 10), (43, 9), (3, 1), (31, 17), (38, 18), (37, 17)]
[(41, 7), (42, 10), (43, 9), (38, 18), (3, 1), (31, 17), (37, 17), (4, 5)]
[(42, 10), (43, 9), (38, 18), (4, 5), (3, 1), (31, 17), (37, 17), (42, 7)]
[(43, 9), (38, 18), (4, 5), (42, 7), (3, 1), (31, 17), (37, 17), (42, 11)]
[(38, 18), (4, 5), (42, 7), (42, 11), (3, 1), (31, 17), (37, 17), (44, 9)]
[(4, 5), (42, 7), (42, 11), (44, 9), (3, 1), (31, 17), (37, 17), (38, 19)]
[(42, 7), (42, 11), (44, 9), (38, 19), (3, 1), (31, 17), (37, 17), (4, 6)]
[(42, 11), (44, 9), (38, 19), (4, 6), (3, 1), (31, 17), (37, 17), (42, 6)]
[(44, 9), (38, 19), (4, 6), (3, 1), (31, 17), (37, 17), (42, 6), (42, 12)]
[(38, 19), (4, 6), (42, 12), (3, 1), (31, 17), (37, 17), (42, 6), (44, 8)]
[(4, 6), (42, 12), (3, 1), (31, 17), (37, 17), (42, 6), (44, 8), (37, 19)]
[(42, 12), (3, 1), (31, 17), (37, 17), (42, 6), (44, 8), (37, 19), (4, 7)]
[(4, 7), (3, 1), (31, 17), (37, 17), (42, 6), (44, 8), (37, 19), (42, 13)]
[(42, 13), (3, 1), (31, 17), (37, 17), (42, 6), (44, 8), (37, 19), (4, 8)]
[(4, 8), (3, 1), (31, 17), (37, 17), (42, 6), (44, 8), (37, 19), (43, 13)]
[(43, 13), (3, 1), (31, 17), (37, 17), (42, 6), (44, 8), (37, 19), (4, 9)]
[(4, 9), (3, 1), (31, 17), (37, 17), (42, 6), (44, 8), (37, 19), (44, 13)]
[(44, 13), (3, 1), (31, 17), (37, 17), (42, 6), (44, 8), (37, 19), (4, 10)]
[(4, 10), (3, 1), (31, 17), (37, 17), (42, 6), (44, 8), (37, 19), (44, 12)]
[(3, 1), (31, 17), (37, 17), (42, 6), (44, 8), (37, 19), (44, 12), (4, 11)]
[(3, 1), (31, 17), (37, 17), (42, 6), (44, 8), (37, 19), (44, 12), (4, 12)]
[(3, 1), (31, 17), (37, 17), (42, 6), (44, 8), (37, 19), (44, 12), (4, 13)]
[(3, 1), (31, 17), (37, 17), (42, 6), (44, 8), (37, 19), (44, 12), (4, 14)]
[(3, 1), (31, 17), (37, 17), (42, 6), (44, 8), (37, 19), (44, 12), (4, 15)]
[(3, 1), (31, 17), (37, 17), (42, 6), (44, 8), (37, 19), (44, 12), (5, 15)]
[(3, 1), (31, 17), (37, 17), (42, 6), (44, 8), (37, 19), (44, 12), (6, 15)]
[(3, 1), (31, 17), (37, 17), (42, 6), (44, 8), (37, 19), (44, 12), (7, 15)]
[(3, 1), (31, 17), (37, 17), (42, 6), (44, 8), (37, 19), (44, 12), (8, 15)]
[(3, 1), (31, 17), (37, 17), (42, 6), (44, 8), (37, 19), (44, 12), (8, 14)]
[(31, 17), (37, 17), (42, 6), (44, 8), (37, 19), (44, 12), (8, 14), (2, 1)]
[(37, 17), (42, 6), (44, 8), (37, 19), (44, 12), (8, 14), (2, 1), (30, 17)]
[(42, 6), (44, 8), (37, 19), (44, 12), (8, 14), (2, 1), (30, 17), (36, 17)]
[(44, 8), (37, 19), (44, 12), (8, 14), (2, 1), (30, 17), (36, 17), (42, 5)]
[(37, 19), (44, 12), (8, 14), (2, 1), (30, 17), (36, 17), (42, 5), (44, 7)]
[(44, 12), (8, 14), (2, 1), (30, 17), (36, 17), (42, 5), (44, 7), (36, 19)]
[(8, 14), (2, 1), (30, 17), (36, 17), (42, 5), (44, 7), (36, 19), (44, 11)]
[(2, 1), (30, 17), (36, 17), (42, 5), (44, 7), (36, 19), (44, 11), (8, 13)]
[(30, 17), (36, 17), (42, 5), (44, 7), (36, 19), (44, 11), (8, 13), (2, 2), (1, 1)]
[(36, 17), (42, 5), (44, 7), (36, 19), (44, 11), (8, 13), (2, 2), (1, 1), (29, 17)]
[(42, 5), (44, 7), (36, 19), (44, 11), (8, 13), (2, 2), (1, 1), (29, 17)]
[(44, 7), (36, 19), (44, 11), (8, 13), (2, 2), (1, 1), (29, 17), (43, 5)]
[(36, 19), (44, 11), (8, 13), (2, 2), (43, 5), (1, 1), (29, 17), (45, 7)]
[(44, 11), (8, 13), (2, 2), (43, 5), (45, 7), (1, 1), (29, 17), (36, 20), (35, 19)]
[(8, 13), (2, 2), (43, 5), (45, 7), (36, 20), (1, 1), (29, 17), (35, 19), (45, 11)]
[(2, 2), (43, 5), (45, 7), (36, 20), (45, 11), (1, 1), (29, 17), (35, 19), (8, 12)]
[(43, 5), (45, 7), (36, 20), (45, 11), (1, 1), (29, 17), (35, 19), (8, 12), (2, 3)]
[(45, 7), (36, 20), (45, 11), (2, 3), (1, 1), (29, 17), (35, 19), (8, 12), (44, 5)]
[(36, 20), (45, 11), (2, 3), (44, 5), (1, 1), (29, 17), (35, 19), (8, 12), (46, 7)]
[(45, 11), (2, 3), (44, 5), (46, 7), (1, 1), (29, 17), (35, 19), (8, 12), (36, 21)]
[(2, 3), (44, 5), (46, 7), (36, 21), (1, 1), (29, 17), (35, 19), (8, 12), (46, 11)]
[(44, 5), (46, 7), (36, 21), (46, 11), (1, 1), (29, 17), (35, 19), (8, 12), (2, 4)]
[(46, 7), (36, 21), (46, 11), (2, 4), (1, 1), (29, 17), (35, 19), (8, 12), (44, 4)]
[(36, 21), (46, 11), (2, 4), (1, 1), (29, 17), (35, 19), (8, 12), (44, 4), (46, 6)]
[(46, 11), (2, 4), (1, 1), (29, 17), (35, 19), (8, 12), (44, 4), (46, 6), (37, 21)]
[(2, 4), (37, 21), (1, 1), (29, 17), (35, 19), (8, 12), (44, 4), (46, 6), (46, 12)]
[(37, 21), (46, 12), (1, 1), (29, 17), (35, 19), (8, 12), (44, 4), (46, 6), (2, 5)]
[(46, 12), (2, 5), (1, 1), (29, 17), (35, 19), (8, 12), (44, 4), (46, 6), (38, 21)]
[(2, 5), (38, 21), (1, 1), (29, 17), (35, 19), (8, 12), (44, 4), (46, 6), (46, 13)]
[(38, 21), (46, 13), (1, 1), (29, 17), (35, 19), (8, 12), (44, 4), (46, 6), (2, 6)]
[(46, 13), (2, 6), (1, 1), (29, 17), (35, 19), (8, 12), (44, 4), (46, 6), (38, 22)]
[(2, 6), (38, 22), (1, 1), (29, 17), (35, 19), (8, 12), (44, 4), (46, 6), (46, 14)]
[(38, 22), (46, 14), (1, 1), (29, 17), (35, 19), (8, 12), (44, 4), (46, 6), (2, 7)]
[(46, 14), (2, 7), (1, 1), (29, 17), (35, 19), (8, 12), (44, 4), (46, 6), (38, 23)]
[(2, 7), (38, 23), (1, 1), (29, 17), (35, 19), (8, 12), (44, 4), (46, 6), (46, 15)]
[(38, 23), (46, 15), (1, 1), (29, 17), (35, 19), (8, 12), (44, 4), (46, 6), (2, 8)]
[(46, 15), (2, 8), (1, 1), (29, 17), (35, 19), (8, 12), (44, 4), (46, 6), (37, 23)]
[(2, 8), (1, 1), (29, 17), (35, 19), (8, 12), (44, 4), (46, 6), (37, 23), (47, 15)]
[(47, 15), (1, 1), (29, 17), (35, 19), (8, 12), (44, 4), (46, 6), (37, 23), (2, 9)]
[(2, 9), (1, 1), (29, 17), (35, 19), (8, 12), (44, 4), (46, 6), (37, 23), (48, 15)]
[(48, 15), (1, 1), (29, 17), (35, 19), (8, 12), (44, 4), (46, 6), (37, 23), (2, 10), (1, 9)]
[(2, 10), (1, 1), (29, 17), (35, 19), (8, 12), (44, 4), (46, 6), (37, 23), (1, 9), (48, 16)]
[(48, 16), (1, 1), (29, 17), (35, 19), (8, 12), (44, 4), (46, 6), (37, 23), (1, 9), (2, 11)]
[(2, 11), (1, 1), (29, 17), (35, 19), (8, 12), (44, 4), (46, 6), (37, 23), (1, 9), (48, 17)]
[(48, 17), (1, 1), (29, 17), (35, 19), (8, 12), (44, 4), (46, 6), (37, 23), (1, 9), (1, 11)]
[(1, 1), (29, 17), (35, 19), (8, 12), (44, 4), (46, 6), (37, 23), (1, 9), (1, 11), (48, 18)]
[(1, 1), (29, 17), (35, 19), (8, 12), (44, 4), (46, 6), (37, 23), (1, 9), (1, 11), (48, 19)]
[(1, 1), (29, 17), (35, 19), (8, 12), (44, 4), (46, 6), (37, 23), (1, 9), (1, 11), (47, 19)]
[(29, 17), (35, 19), (8, 12), (44, 4), (46, 6), (37, 23), (1, 9), (1, 11), (47, 19), (0, 1)]
[(35, 19), (8, 12), (44, 4), (46, 6), (37, 23), (1, 9), (1, 11), (47, 19), (0, 1), (28, 17)]
[(8, 12), (44, 4), (46, 6), (37, 23), (1, 9), (1, 11), (47, 19), (0, 1), (28, 17), (34, 19)]
[(44, 4), (46, 6), (37, 23), (1, 9), (1, 11), (47, 19), (0, 1), (28, 17), (34, 19), (8, 11)]
[(46, 6), (37, 23), (1, 9), (1, 11), (47, 19), (0, 1), (28, 17), (34, 19), (8, 11), (44, 3)]
[(37, 23), (1, 9), (1, 11), (47, 19), (0, 1), (28, 17), (34, 19), (8, 11), (44, 3), (46, 5)]
[(1, 9), (1, 11), (47, 19), (0, 1), (28, 17), (34, 19), (8, 11), (44, 3), (46, 5), (36, 23)]
[(1, 11), (47, 19), (0, 1), (28, 17), (34, 19), (8, 11), (44, 3), (46, 5), (36, 23), (0, 9)]
[(47, 19), (0, 1), (28, 17), (34, 19), (8, 11), (44, 3), (46, 5), (36, 23), (0, 9), (0, 11)]
[(0, 1), (28, 17), (34, 19), (8, 11), (44, 3), (46, 5), (36, 23), (0, 9), (0, 11), (46, 19)]
[(28, 17), (34, 19), (8, 11), (44, 3), (46, 5), (36, 23), (0, 9), (0, 11), (46, 19), (0, 2)]
[(34, 19), (8, 11), (44, 3), (46, 5), (36, 23), (0, 9), (0, 11), (46, 19), (0, 2), (27, 17)]
[(8, 11), (44, 3), (46, 5), (36, 23), (0, 9), (0, 11), (46, 19), (0, 2), (27, 17), (33, 19)]
[(44, 3), (46, 5), (36, 23), (0, 9), (0, 11), (46, 19), (0, 2), (27, 17), (33, 19), (9, 11)]
[(46, 5), (36, 23), (0, 9), (0, 11), (46, 19), (0, 2), (9, 11), (27, 17), (33, 19), (44, 2)]
[(36, 23), (0, 9), (0, 11), (46, 19), (0, 2), (9, 11), (27, 17), (33, 19), (44, 2), (46, 4)]
[(0, 9), (0, 11), (46, 19), (0, 2), (9, 11), (27, 17), (33, 19), (44, 2), (46, 4), (35, 23)]
[(0, 11), (46, 19), (0, 2), (9, 11), (27, 17), (33, 19), (44, 2), (46, 4), (35, 23), (0, 8)]
[(46, 19), (0, 2), (9, 11), (27, 17), (33, 19), (44, 2), (46, 4), (35, 23), (0, 8), (0, 12)]
[(0, 2), (9, 11), (0, 12), (27, 17), (33, 19), (44, 2), (46, 4), (35, 23), (0, 8), (46, 20)]
[(9, 11), (0, 12), (46, 20), (27, 17), (33, 19), (44, 2), (46, 4), (35, 23), (0, 8), (0, 3)]
[(0, 12), (46, 20), (0, 3), (27, 17), (33, 19), (44, 2), (46, 4), (35, 23), (0, 8), (10, 11)]
[(46, 20), (0, 3), (10, 11), (27, 17), (33, 19), (44, 2), (46, 4), (35, 23), (0, 8), (0, 13)]
[(0, 3), (10, 11), (0, 13), (27, 17), (33, 19), (44, 2), (46, 4), (35, 23), (0, 8), (46, 21)]
[(10, 11), (0, 13), (46, 21), (27, 17), (33, 19), (44, 2), (46, 4), (35, 23), (0, 8), (0, 4)]
[(0, 13), (46, 21), (0, 4), (27, 17), (33, 19), (44, 2), (46, 4), (35, 23), (0, 8), (10, 12)]
[(46, 21), (0, 4), (10, 12), (27, 17), (33, 19), (44, 2), (46, 4), (35, 23), (0, 8), (0, 14)]
[(0, 4), (10, 12), (0, 14), (27, 17), (33, 19), (44, 2), (46, 4), (35, 23), (0, 8), (47, 21)]
[(10, 12), (0, 14), (47, 21), (27, 17), (33, 19), (44, 2), (46, 4), (35, 23), (0, 8), (0, 5)]
[(0, 14), (47, 21), (0, 5), (27, 17), (33, 19), (44, 2), (46, 4), (35, 23), (0, 8), (10, 13)]
[(47, 21), (0, 5), (10, 13), (27, 17), (33, 19), (44, 2), (46, 4), (35, 23), (0, 8), (0, 15)]
[(0, 5), (10, 13), (0, 15), (27, 17), (33, 19), (44, 2), (46, 4), (35, 23), (0, 8), (48, 21)]
[(10, 13), (0, 15), (48, 21), (27, 17), (33, 19), (44, 2), (46, 4), (35, 23), (0, 8), (0, 6)]
[(0, 15), (48, 21), (0, 6), (27, 17), (33, 19), (44, 2), (46, 4), (35, 23), (0, 8), (11, 13)]
[(48, 21), (0, 6), (11, 13), (27, 17), (33, 19), (44, 2), (46, 4), (35, 23), (0, 8), (0, 16)]
[(0, 6), (11, 13), (0, 16), (27, 17), (33, 19), (44, 2), (46, 4), (35, 23), (0, 8), (48, 22)]
[(11, 13), (0, 16), (48, 22), (27, 17), (33, 19), (44, 2), (46, 4), (35, 23), (0, 8), (0, 7)]
[(0, 16), (48, 22), (0, 7), (27, 17), (33, 19), (44, 2), (46, 4), (35, 23), (0, 8), (12, 13)]
[(48, 22), (0, 7), (12, 13), (27, 17), (33, 19), (44, 2), (46, 4), (35, 23), (0, 8), (0, 17)]
[(0, 7), (12, 13), (0, 17), (27, 17), (33, 19), (44, 2), (46, 4), (35, 23), (0, 8), (48, 23)]
[(12, 13), (0, 17), (48, 23), (27, 17), (33, 19), (44, 2), (46, 4), (35, 23), (0, 8), (0, 8)]
[(0, 17), (48, 23), (0, 8), (27, 17), (33, 19), (44, 2), (46, 4), (35, 23), (0, 8), (12, 14)]
[(48, 23), (0, 8), (12, 14), (27, 17), (33, 19), (44, 2), (46, 4), (35, 23), (0, 8), (1, 17)]
[(0, 8), (12, 14), (1, 17), (27, 17), (33, 19), (44, 2), (46, 4), (35, 23), (0, 8), (48, 24), (49, 23)]
[(12, 14), (1, 17), (48, 24), (49, 23), (27, 17), (33, 19), (44, 2), (46, 4), (35, 23), (0, 8)]
[(1, 17), (48, 24), (49, 23), (27, 17), (33, 19), (44, 2), (46, 4), (35, 23), (0, 8), (12, 15)]
[(48, 24), (49, 23), (12, 15), (27, 17), (33, 19), (44, 2), (46, 4), (35, 23), (0, 8), (2, 17)]
[(49, 23), (12, 15), (2, 17), (27, 17), (33, 19), (44, 2), (46, 4), (35, 23), (0, 8), (48, 25)]
[(12, 15), (2, 17), (48, 25), (27, 17), (33, 19), (44, 2), (46, 4), (35, 23), (0, 8), (50, 23)]
[(2, 17), (48, 25), (50, 23), (27, 17), (33, 19), (44, 2), (46, 4), (35, 23), (0, 8), (11, 15)]
[(48, 25), (50, 23), (27, 17), (33, 19), (44, 2), (46, 4), (35, 23), (0, 8), (11, 15), (3, 17), (2, 16)]
[(50, 23), (3, 17), (27, 17), (33, 19), (44, 2), (46, 4), (35, 23), (0, 8), (11, 15), (2, 16), (47, 25)]
[(3, 17), (27, 17), (33, 19), (44, 2), (46, 4), (35, 23), (0, 8), (11, 15), (2, 16), (47, 25), (50, 24)]
[(50, 24), (27, 17), (33, 19), (44, 2), (46, 4), (35, 23), (0, 8), (11, 15), (2, 16), (47, 25), (4, 17)]
[(4, 17), (27, 17), (33, 19), (44, 2), (46, 4), (35, 23), (0, 8), (11, 15), (2, 16), (47, 25), (50, 25)]
[(50, 25), (27, 17), (33, 19), (44, 2), (46, 4), (35, 23), (0, 8), (11, 15), (2, 16), (47, 25), (5, 17)]
[(5, 17), (27, 17), (33, 19), (44, 2), (46, 4), (35, 23), (0, 8), (11, 15), (2, 16), (47, 25), (50, 26)]
[(50, 26), (27, 17), (33, 19), (44, 2), (46, 4), (35, 23), (0, 8), (11, 15), (2, 16), (47, 25), (6, 17)]
[(6, 17), (27, 17), (33, 19), (44, 2), (46, 4), (35, 23), (0, 8), (11, 15), (2, 16), (47, 25), (50, 27), (51, 26)]
[(51, 26), (27, 17), (33, 19), (44, 2), (46, 4), (35, 23), (0, 8), (11, 15), (2, 16), (47, 25), (50, 27), (6, 18)]
