[(12, 4)]
[(12, 5)]
[(13, 5)]
[(14, 5)]
[(14, 6)]
[(14, 7)]
[(15, 7)]
[(16, 7)]
[(16, 8)]
[(16, 9)]
[(16, 10)]
[(16, 11)]
[(17, 11)]
[(18, 11)]
[(18, 10)]
[(18, 9)]
[(18, 8)]
[(18, 7)]
[(18, 6)]
[(18, 5)]
[(17, 5)]
[(16, 5)]
[(16, 4)]
[(16, 3)]
[(17, 3)]
[(18, 3)]
[(19, 3)]
[(20, 3)]
[(21, 3)]
[(22, 3)]
[(22, 2)]
[(22, 1)]
[(21, 1)]
[(20, 1)]
[(19, 1)]
[(18, 1)]
[(17, 1)]
[(16, 1)]
[(15, 1)]
[(14, 1)]
[(14, 2), (13, 1)]
[(13, 1), (14, 3)]
[(13, 1)]
[(12, 1)]
[(11, 1)]
[(10, 1)]
[(9, 1)]
[(8, 1)]
[(8, 2)]
[(8, 3)]
[(9, 3), (7, 3)]
[(7, 3), (10, 3)]
[(7, 3), (10, 4)]
[(7, 3), (10, 5)]
[(7, 3), (9, 5)]
[(9, 5), (6, 3)]
[(6, 3), (8, 5)]
[(8, 5), (6, 4), (6, 2)]
[(6, 4), (6, 2), (7, 5)]
[(6, 2), (7, 5), (6, 5)]
[(6, 2), (7, 5), (7, 5), (5, 5)]
[(6, 2), (7, 5), (5, 5)]
[(7, 5), (5, 5), (6, 1)]
[(5, 5), (6, 1)]
[(6, 1), (4, 5)]
[(4, 5), (5, 1)]
[(5, 1), (4, 6), (4, 4)]
[(5, 1), (4, 4), (4, 7)]
[(5, 1), (4, 4), (5, 7)]
[(5, 1), (4, 4), (6, 7)]
[(5, 1), (4, 4), (7, 7)]
[(5, 1), (4, 4), (8, 7)]
[(5, 1), (4, 4), (9, 7)]
[(5, 1), (4, 4), (10, 7)]
[(5, 1), (4, 4), (10, 8), (11, 7)]
[(11, 7), (5, 1), (4, 4), (10, 9)]
[(10, 9), (5, 1), (4, 4), (12, 7)]
[(12, 7), (5, 1), (4, 4), (10, 10), (9, 9)]
[(10, 10), (5, 1), (4, 4), (9, 9), (12, 8)]
[(12, 8), (5, 1), (4, 4), (9, 9), (10, 11)]
[(10, 11), (5, 1), (4, 4), (9, 9), (12, 9)]
[(12, 9), (5, 1), (4, 4), (9, 9)]
[(5, 1), (4, 4), (9, 9), (13, 9)]
[(5, 1), (4, 4), (9, 9), (14, 9)]
[(5, 1), (4, 4), (9, 9), (14, 10)]
[(5, 1), (4, 4), (9, 9), (14, 11)]
[(5, 1), (4, 4), (9, 9), (13, 11)]
[(4, 4), (9, 9), (13, 11), (4, 1)]
[(9, 9), (13, 11), (4, 1), (4, 3)]
[(13, 11), (4, 1), (4, 3), (8, 9)]
[(4, 1), (4, 3), (8, 9), (12, 11)]
[(4, 3), (8, 9), (12, 11), (3, 1)]
[(8, 9), (12, 11), (3, 1)]
[(12, 11), (3, 1), (8, 10), (7, 9)]
[(8, 10), (3, 1), (7, 9), (12, 12)]
[(12, 12), (3, 1), (7, 9), (8, 11)]
[(8, 11), (3, 1), (7, 9), (12, 13)]
[(12, 13), (3, 1), (7, 9), (8, 12)]
[(8, 12), (3, 1), (7, 9), (13, 13)]
[(13, 13), (3, 1), (7, 9), (8, 13)]
[(8, 13), (3, 1), (7, 9), (14, 13)]
[(14, 13), (3, 1), (7, 9), (9, 13)]
[(9, 13), (3, 1), (7, 9), (15, 13)]
[(15, 13), (3, 1), (7, 9), (10, 13)]
[(10, 13), (3, 1), (7, 9), (16, 13)]
[(16, 13), (3, 1), (7, 9), (10, 14)]
[(10, 14), (3, 1), (7, 9), (17, 13)]
[(17, 13), (3, 1), (7, 9), (10, 15)]
[(10, 15), (3, 1), (7, 9), (18, 13)]
[(18, 13), (3, 1), (7, 9), (10, 16)]
[(10, 16), (3, 1), (7, 9), (19, 13)]
[(19, 13), (3, 1), (7, 9), (10, 17)]
[(10, 17), (3, 1), (7, 9), (20, 13)]
[(20, 13), (3, 1), (7, 9), (11, 17)]
[(11, 17), (3, 1), (7, 9), (21, 13), (20, 12)]
[(21, 13), (3, 1), (7, 9), (20, 12), (12, 17)]
[(12, 17), (3, 1), (7, 9), (20, 12), (22, 13)]
[(22, 13), (3, 1), (7, 9), (20, 12), (12, 16)]
[(3, 1), (7, 9), (20, 12), (12, 16), (23, 13)]
[(3, 1), (7, 9), (20, 12), (12, 16), (24, 13)]
[(3, 1), (7, 9), (20, 12), (12, 16), (25, 13)]
[(3, 1), (7, 9), (20, 12), (12, 16), (26, 13)]
[(3, 1), (7, 9), (20, 12), (12, 16), (27, 13)]
[(3, 1), (7, 9), (20, 12), (12, 16), (28, 13), (27, 12)]
[(3, 1), (7, 9), (20, 12), (12, 16), (27, 12), (28, 14)]
[(3, 1), (7, 9), (20, 12), (12, 16), (27, 12), (28, 15)]
[(3, 1), (7, 9), (20, 12), (12, 16), (27, 12), (29, 15)]
[(3, 1), (7, 9), (20, 12), (12, 16), (27, 12), (30, 15)]
[(3, 1), (7, 9), (20, 12), (12, 16), (27, 12), (30, 16), (31, 15)]
[(31, 15), (3, 1), (7, 9), (20, 12), (12, 16), (27, 12), (30, 17)]
[(30, 17), (3, 1), (7, 9), (20, 12), (12, 16), (27, 12), (32, 15)]
[(32, 15), (3, 1), (7, 9), (20, 12), (12, 16), (27, 12), (31, 17), (29, 17)]
[(31, 17), (3, 1), (7, 9), (20, 12), (12, 16), (27, 12), (29, 17), (33, 15)]
[(33, 15), (3, 1), (7, 9), (20, 12), (12, 16), (27, 12), (29, 17), (32, 17)]
[(32, 17), (3, 1), (7, 9), (20, 12), (12, 16), (27, 12), (29, 17), (34, 15)]
[(34, 15), (3, 1), (7, 9), (20, 12), (12, 16), (27, 12), (29, 17), (33, 17)]
[(33, 17), (3, 1), (7, 9), (20, 12), (12, 16), (27, 12), (29, 17), (34, 14)]
[(3, 1), (7, 9), (20, 12), (12, 16), (27, 12), (29, 17), (34, 14), (34, 17)]
[(3, 1), (7, 9), (20, 12), (12, 16), (27, 12), (29, 17), (34, 14), (35, 17)]
[(3, 1), (7, 9), (20, 12), (12, 16), (27, 12), (29, 17), (34, 14), (36, 17), (35, 16)]
[(3, 1), (7, 9), (20, 12), (12, 16), (27, 12), (29, 17), (34, 14), (35, 16), (36, 16)]
[(7, 9), (20, 12), (12, 16), (27, 12), (29, 17), (34, 14), (35, 16), (36, 16), (2, 1)]
[(20, 12), (12, 16), (27, 12), (29, 17), (34, 14), (35, 16), (36, 16), (2, 1), (6, 9)]
[(12, 16), (27, 12), (29, 17), (34, 14), (35, 16), (36, 16), (2, 1), (6, 9), (20, 11)]
[(27, 12), (29, 17), (34, 14), (35, 16), (36, 16), (2, 1), (6, 9), (20, 11), (12, 15)]
[(29, 17), (34, 14), (35, 16), (36, 16), (2, 1), (6, 9), (20, 11), (12, 15), (27, 11)]
[(34, 14), (35, 16), (36, 16), (2, 1), (6, 9), (20, 11), (12, 15), (27, 11), (28, 17)]
[(35, 16), (36, 16), (2, 1), (6, 9), (20, 11), (12, 15), (27, 11), (28, 17), (34, 13)]
[(36, 16), (2, 1), (6, 9), (20, 11), (12, 15), (27, 11), (28, 17), (34, 13), (36, 16)]
[(36, 16), (2, 1), (6, 9), (20, 11), (12, 15), (27, 11), (28, 17), (34, 13), (37, 16), (36, 15)]
[(37, 16), (2, 1), (6, 9), (20, 11), (12, 15), (27, 11), (28, 17), (34, 13), (36, 15), (37, 16), (36, 15)]
[(37, 16), (2, 1), (6, 9), (20, 11), (12, 15), (27, 11), (28, 17), (34, 13), (36, 15), (36, 15), (38, 16), (37, 15)]
[(38, 16), (2, 1), (6, 9), (20, 11), (12, 15), (27, 11), (28, 17), (34, 13), (36, 15), (36, 15), (37, 15), (38, 16), (37, 15)]
[(38, 16), (2, 1), (6, 9), (20, 11), (12, 15), (27, 11), (28, 17), (34, 13), (36, 15), (36, 15), (37, 15), (37, 15), (38, 17), (38, 15)]
[(38, 17), (2, 1), (6, 9), (20, 11), (12, 15), (27, 11), (28, 17), (34, 13), (36, 15), (36, 15), (37, 15), (37, 15), (38, 15), (38, 17), (38, 15)]
[(38, 17), (2, 1), (6, 9), (20, 11), (12, 15), (27, 11), (28, 17), (34, 13), (36, 15), (36, 15), (37, 15), (37, 15), (38, 15), (38, 15), (38, 18)]
[(38, 18), (2, 1), (6, 9), (20, 11), (12, 15), (27, 11), (28, 17), (34, 13), (36, 15), (36, 15), (37, 15), (37, 15), (38, 15), (38, 15), (38, 18)]
[(38, 18), (2, 1), (6, 9), (20, 11), (12, 15), (27, 11), (28, 17), (34, 13), (36, 15), (36, 15), (37, 15), (37, 15), (38, 15), (38, 15), (38, 19)]
[(38, 19), (2, 1), (6, 9), (20, 11), (12, 15), (27, 11), (28, 17), (34, 13), (36, 15), (36, 15), (37, 15), (37, 15), (38, 15), (38, 15), (38, 19)]
[(38, 19), (2, 1), (6, 9), (20, 11), (12, 15), (27, 11), (28, 17), (34, 13), (36, 15), (36, 15), (37, 15), (37, 15), (38, 15), (38, 15), (38, 20)]
[(38, 20), (2, 1), (6, 9), (20, 11), (12, 15), (27, 11), (28, 17), (34, 13), (36, 15), (36, 15), (37, 15), (37, 15), (38, 15), (38, 15), (38, 20)]
[(38, 20), (2, 1), (6, 9), (20, 11), (12, 15), (27, 11), (28, 17), (34, 13), (36, 15), (36, 15), (37, 15), (37, 15), (38, 15), (38, 15), (38, 21)]
[(38, 21), (2, 1), (6, 9), (20, 11), (12, 15), (27, 11), (28, 17), (34, 13), (36, 15), (36, 15), (37, 15), (37, 15), (38, 15), (38, 15), (38, 21)]
[(38, 21), (2, 1), (6, 9), (20, 11), (12, 15), (27, 11), (28, 17), (34, 13), (36, 15), (36, 15), (37, 15), (37, 15), (38, 15), (38, 15), (38, 22)]
[(38, 22), (2, 1), (6, 9), (20, 11), (12, 15), (27, 11), (28, 17), (34, 13), (36, 15), (36, 15), (37, 15), (37, 15), (38, 15), (38, 15), (38, 22)]
[(38, 22), (2, 1), (6, 9), (20, 11), (12, 15), (27, 11), (28, 17), (34, 13), (36, 15), (36, 15), (37, 15), (37, 15), (38, 15), (38, 15), (38, 23)]
[(38, 23), (2, 1), (6, 9), (20, 11), (12, 15), (27, 11), (28, 17), (34, 13), (36, 15), (36, 15), (37, 15), (37, 15), (38, 15), (38, 15), (38, 23)]
[(38, 23), (2, 1), (6, 9), (20, 11), (12, 15), (27, 11), (28, 17), (34, 13), (36, 15), (36, 15), (37, 15), (37, 15), (38, 15), (38, 15), (37, 23)]
[(2, 1), (6, 9), (20, 11), (12, 15), (27, 11), (28, 17), (34, 13), (36, 15), (36, 15), (37, 15), (37, 15), (38, 15), (38, 15), (37, 23), (37, 23)]
[(6, 9), (20, 11), (12, 15), (27, 11), (28, 17), (34, 13), (36, 15), (36, 15), (37, 15), (37, 15), (38, 15), (38, 15), (37, 23), (37, 23), (2, 2)]
[(20, 11), (12, 15), (27, 11), (28, 17), (34, 13), (36, 15), (36, 15), (37, 15), (37, 15), (38, 15), (38, 15), (37, 23), (37, 23), (2, 2), (5, 9)]
[(12, 15), (27, 11), (28, 17), (34, 13), (36, 15), (36, 15), (37, 15), (37, 15), (38, 15), (38, 15), (37, 23), (37, 23), (2, 2), (5, 9), (21, 11), (20, 10)]
[(27, 11), (28, 17), (34, 13), (36, 15), (36, 15), (37, 15), (37, 15), (38, 15), (38, 15), (37, 23), (37, 23), (2, 2), (21, 11), (5, 9), (20, 10), (13, 15)]
[(28, 17), (34, 13), (36, 15), (36, 15), (37, 15), (37, 15), (38, 15), (38, 15), (37, 23), (37, 23), (2, 2), (21, 11), (13, 15), (5, 9), (20, 10), (28, 11), (26, 11)]
[(34, 13), (36, 15), (36, 15), (37, 15), (37, 15), (38, 15), (38, 15), (37, 23), (37, 23), (2, 2), (21, 11), (13, 15), (28, 11), (5, 9), (20, 10), (26, 11), (27, 17)]
[(36, 15), (36, 15), (37, 15), (37, 15), (38, 15), (38, 15), (37, 23), (37, 23), (2, 2), (21, 11), (13, 15), (28, 11), (5, 9), (20, 10), (26, 11), (27, 17), (35, 13), (33, 13)]
[(36, 15), (37, 15), (37, 15), (38, 15), (38, 15), (37, 23), (37, 23), (2, 2), (21, 11), (13, 15), (28, 11), (35, 13), (5, 9), (20, 10), (26, 11), (27, 17), (33, 13), (37, 15)]
[(37, 15), (37, 15), (38, 15), (38, 15), (37, 23), (37, 23), (2, 2), (21, 11), (13, 15), (28, 11), (35, 13), (37, 15), (5, 9), (20, 10), (26, 11), (27, 17), (33, 13), (37, 15)]
[(37, 15), (38, 15), (38, 15), (37, 23), (37, 23), (2, 2), (21, 11), (13, 15), (28, 11), (35, 13), (37, 15), (37, 15), (5, 9), (20, 10), (26, 11), (27, 17), (33, 13), (38, 15)]
[(38, 15), (38, 15), (37, 23), (37, 23), (2, 2), (21, 11), (13, 15), (28, 11), (35, 13), (37, 15), (37, 15), (38, 15), (5, 9), (20, 10), (26, 11), (27, 17), (33, 13), (38, 15)]
[(38, 15), (37, 23), (37, 23), (2, 2), (21, 11), (13, 15), (28, 11), (35, 13), (37, 15), (37, 15), (38, 15), (38, 15), (5, 9), (20, 10), (26, 11), (27, 17), (33, 13)]
[(37, 23), (37, 23), (2, 2), (21, 11), (13, 15), (28, 11), (35, 13), (37, 15), (37, 15), (38, 15), (38, 15), (5, 9), (20, 10), (26, 11), (27, 17), (33, 13)]
[(37, 23), (2, 2), (21, 11), (13, 15), (28, 11), (35, 13), (37, 15), (37, 15), (38, 15), (38, 15), (5, 9), (20, 10), (26, 11), (27, 17), (33, 13), (36, 23)]
[(2, 2), (21, 11), (13, 15), (28, 11), (35, 13), (37, 15), (37, 15), (38, 15), (38, 15), (5, 9), (20, 10), (26, 11), (27, 17), (33, 13), (36, 23), (36, 23)]
[(21, 11), (13, 15), (28, 11), (35, 13), (37, 15), (37, 15), (38, 15), (38, 15), (5, 9), (20, 10), (26, 11), (27, 17), (33, 13), (36, 23), (36, 23), (2, 3)]
[(13, 15), (28, 11), (35, 13), (37, 15), (37, 15), (38, 15), (38, 15), (2, 3), (5, 9), (20, 10), (26, 11), (27, 17), (33, 13), (36, 23), (36, 23), (22, 11)]
[(28, 11), (35, 13), (37, 15), (37, 15), (38, 15), (38, 15), (2, 3), (22, 11), (5, 9), (20, 10), (26, 11), (27, 17), (33, 13), (36, 23), (36, 23), (14, 15)]
[(35, 13), (37, 15), (37, 15), (38, 15), (38, 15), (2, 3), (22, 11), (14, 15), (5, 9), (20, 10), (26, 11), (27, 17), (33, 13), (36, 23), (36, 23), (29, 11)]
[(37, 15), (37, 15), (38, 15), (38, 15), (2, 3), (22, 11), (14, 15), (29, 11), (5, 9), (20, 10), (26, 11), (27, 17), (33, 13), (36, 23), (36, 23), (36, 13)]
[(37, 15), (38, 15), (38, 15), (2, 3), (22, 11), (14, 15), (29, 11), (36, 13), (5, 9), (20, 10), (26, 11), (27, 17), (33, 13), (36, 23), (36, 23)]
[(38, 15), (38, 15), (2, 3), (22, 11), (14, 15), (29, 11), (36, 13), (5, 9), (20, 10), (26, 11), (27, 17), (33, 13), (36, 23), (36, 23)]
[(38, 15), (2, 3), (22, 11), (14, 15), (29, 11), (36, 13), (5, 9), (20, 10), (26, 11), (27, 17), (33, 13), (36, 23), (36, 23)]
[(2, 3), (22, 11), (14, 15), (29, 11), (36, 13), (5, 9), (20, 10), (26, 11), (27, 17), (33, 13), (36, 23), (36, 23)]
[(22, 11), (14, 15), (29, 11), (36, 13), (5, 9), (20, 10), (26, 11), (27, 17), (33, 13), (36, 23), (36, 23), (1, 3)]
[(14, 15), (29, 11), (36, 13), (5, 9), (20, 10), (26, 11), (27, 17), (33, 13), (36, 23), (36, 23), (1, 3), (23, 11)]
[(29, 11), (36, 13), (23, 11), (5, 9), (20, 10), (26, 11), (27, 17), (33, 13), (36, 23), (36, 23), (1, 3), (14, 16)]
[(36, 13), (23, 11), (14, 16), (5, 9), (20, 10), (26, 11), (27, 17), (33, 13), (36, 23), (36, 23), (1, 3), (30, 11)]
[(23, 11), (14, 16), (30, 11), (5, 9), (20, 10), (26, 11), (27, 17), (33, 13), (36, 23), (36, 23), (1, 3), (37, 13)]
[(14, 16), (30, 11), (37, 13), (5, 9), (20, 10), (26, 11), (27, 17), (33, 13), (36, 23), (36, 23), (1, 3), (24, 11), (23, 10)]
[(30, 11), (37, 13), (24, 11), (5, 9), (20, 10), (26, 11), (27, 17), (33, 13), (36, 23), (36, 23), (1, 3), (23, 10), (14, 17)]
[(37, 13), (24, 11), (14, 17), (5, 9), (20, 10), (26, 11), (27, 17), (33, 13), (36, 23), (36, 23), (1, 3), (23, 10), (30, 10)]
[(24, 11), (14, 17), (5, 9), (20, 10), (26, 11), (27, 17), (33, 13), (36, 23), (36, 23), (1, 3), (23, 10), (30, 10), (38, 13)]
[(14, 17), (38, 13), (5, 9), (20, 10), (26, 11), (27, 17), (33, 13), (36, 23), (36, 23), (1, 3), (23, 10), (30, 10), (25, 11)]
[(38, 13), (25, 11), (5, 9), (20, 10), (26, 11), (27, 17), (33, 13), (36, 23), (36, 23), (1, 3), (23, 10), (30, 10), (15, 17)]
[(25, 11), (15, 17), (5, 9), (20, 10), (26, 11), (27, 17), (33, 13), (36, 23), (36, 23), (1, 3), (23, 10), (30, 10), (39, 13)]
[(15, 17), (39, 13), (5, 9), (20, 10), (26, 11), (27, 17), (33, 13), (36, 23), (36, 23), (1, 3), (23, 10), (30, 10), (26, 11)]
[(39, 13), (26, 11), (5, 9), (20, 10), (26, 11), (27, 17), (33, 13), (36, 23), (36, 23), (1, 3), (23, 10), (30, 10), (16, 17)]
[(26, 11), (16, 17), (5, 9), (20, 10), (26, 11), (27, 17), (33, 13), (36, 23), (36, 23), (1, 3), (23, 10), (30, 10), (40, 13)]
[(16, 17), (40, 13), (5, 9), (20, 10), (26, 11), (27, 17), (33, 13), (36, 23), (36, 23), (1, 3), (23, 10), (30, 10)]
[(40, 13), (5, 9), (20, 10), (26, 11), (27, 17), (33, 13), (36, 23), (36, 23), (1, 3), (23, 10), (30, 10), (16, 16)]
[(5, 9), (20, 10), (26, 11), (27, 17), (33, 13), (36, 23), (36, 23), (1, 3), (23, 10), (30, 10), (16, 16), (40, 14)]
[(5, 9), (20, 10), (26, 11), (27, 17), (33, 13), (36, 23), (36, 23), (1, 3), (23, 10), (30, 10), (16, 16), (40, 15)]
[(5, 9), (20, 10), (26, 11), (27, 17), (33, 13), (36, 23), (36, 23), (1, 3), (23, 10), (30, 10), (16, 16), (40, 16)]
[(5, 9), (20, 10), (26, 11), (27, 17), (33, 13), (36, 23), (36, 23), (1, 3), (23, 10), (30, 10), (16, 16), (40, 17)]
[(5, 9), (20, 10), (26, 11), (27, 17), (33, 13), (36, 23), (36, 23), (1, 3), (23, 10), (30, 10), (16, 16), (41, 17)]
[(5, 9), (20, 10), (26, 11), (27, 17), (33, 13), (36, 23), (36, 23), (1, 3), (23, 10), (30, 10), (16, 16), (42, 17)]
[(5, 9), (20, 10), (26, 11), (27, 17), (33, 13), (36, 23), (36, 23), (1, 3), (23, 10), (30, 10), (16, 16), (42, 18)]
[(5, 9), (20, 10), (26, 11), (27, 17), (33, 13), (36, 23), (36, 23), (1, 3), (23, 10), (30, 10), (16, 16), (42, 19), (43, 18)]
[(43, 18), (5, 9), (20, 10), (26, 11), (27, 17), (33, 13), (36, 23), (36, 23), (1, 3), (23, 10), (30, 10), (16, 16), (43, 19)]
[(43, 19), (5, 9), (20, 10), (26, 11), (27, 17), (33, 13), (36, 23), (36, 23), (1, 3), (23, 10), (30, 10), (16, 16), (43, 19), (44, 18)]
[(43, 19), (44, 18), (5, 9), (20, 10), (26, 11), (27, 17), (33, 13), (36, 23), (36, 23), (1, 3), (23, 10), (30, 10), (16, 16), (44, 19)]
[(44, 18), (44, 19), (5, 9), (20, 10), (26, 11), (27, 17), (33, 13), (36, 23), (36, 23), (1, 3), (23, 10), (30, 10), (16, 16), (44, 19)]
[(44, 19), (44, 19), (5, 9), (20, 10), (26, 11), (27, 17), (33, 13), (36, 23), (36, 23), (1, 3), (23, 10), (30, 10), (16, 16), (44, 19), (44, 17)]
[(44, 19), (44, 19), (5, 9), (20, 10), (26, 11), (27, 17), (33, 13), (36, 23), (36, 23), (1, 3), (23, 10), (30, 10), (16, 16), (44, 17), (44, 20)]
[(44, 19), (44, 20), (5, 9), (20, 10), (26, 11), (27, 17), (33, 13), (36, 23), (36, 23), (1, 3), (23, 10), (30, 10), (16, 16), (44, 17), (44, 20)]
[(44, 20), (44, 20), (5, 9), (20, 10), (26, 11), (27, 17), (33, 13), (36, 23), (36, 23), (1, 3), (23, 10), (30, 10), (16, 16), (44, 17), (44, 20)]
[(44, 20), (44, 20), (5, 9), (20, 10), (26, 11), (27, 17), (33, 13), (36, 23), (36, 23), (1, 3), (23, 10), (30, 10), (16, 16), (44, 17), (44, 21)]
[(44, 20), (44, 21), (5, 9), (20, 10), (26, 11), (27, 17), (33, 13), (36, 23), (36, 23), (1, 3), (23, 10), (30, 10), (16, 16), (44, 17), (44, 21)]
[(44, 21), (44, 21), (5, 9), (20, 10), (26, 11), (27, 17), (33, 13), (36, 23), (36, 23), (1, 3), (23, 10), (30, 10), (16, 16), (44, 17), (44, 21)]
[(44, 21), (44, 21), (5, 9), (20, 10), (26, 11), (27, 17), (33, 13), (36, 23), (36, 23), (1, 3), (23, 10), (30, 10), (16, 16), (44, 17), (43, 21)]
[(44, 21), (5, 9), (20, 10), (26, 11), (27, 17), (33, 13), (36, 23), (36, 23), (1, 3), (23, 10), (30, 10), (16, 16), (44, 17), (43, 21), (43, 21)]
[(5, 9), (20, 10), (26, 11), (27, 17), (33, 13), (36, 23), (36, 23), (1, 3), (23, 10), (30, 10), (16, 16), (44, 17), (43, 21), (43, 21), (43, 21)]
[(20, 10), (26, 11), (27, 17), (33, 13), (36, 23), (36, 23), (1, 3), (23, 10), (30, 10), (16, 16), (44, 17), (43, 21), (43, 21), (43, 21), (4, 9)]
[(26, 11), (27, 17), (33, 13), (36, 23), (36, 23), (1, 3), (23, 10), (30, 10), (16, 16), (44, 17), (43, 21), (43, 21), (43, 21), (4, 9), (20, 9)]
[(27, 17), (33, 13), (36, 23), (36, 23), (1, 3), (23, 10), (30, 10), (16, 16), (44, 17), (43, 21), (43, 21), (43, 21), (4, 9), (20, 9)]
[(33, 13), (36, 23), (36, 23), (1, 3), (23, 10), (30, 10), (16, 16), (44, 17), (43, 21), (43, 21), (43, 21), (4, 9), (20, 9), (26, 17)]
[(36, 23), (36, 23), (1, 3), (23, 10), (30, 10), (16, 16), (44, 17), (43, 21), (43, 21), (43, 21), (4, 9), (20, 9), (26, 17), (32, 13)]
[(36, 23), (1, 3), (23, 10), (30, 10), (16, 16), (44, 17), (43, 21), (43, 21), (43, 21), (4, 9), (20, 9), (26, 17), (32, 13), (36, 22)]
[(1, 3), (23, 10), (30, 10), (16, 16), (44, 17), (43, 21), (43, 21), (43, 21), (4, 9), (20, 9), (26, 17), (32, 13), (36, 22), (36, 22)]
[(23, 10), (30, 10), (16, 16), (44, 17), (43, 21), (43, 21), (43, 21), (4, 9), (20, 9), (26, 17), (32, 13), (36, 22), (36, 22), (0, 3)]
[(30, 10), (16, 16), (44, 17), (43, 21), (43, 21), (43, 21), (4, 9), (20, 9), (26, 17), (32, 13), (36, 22), (36, 22), (0, 3), (23, 9)]
[(16, 16), (44, 17), (43, 21), (43, 21), (43, 21), (4, 9), (20, 9), (26, 17), (32, 13), (36, 22), (36, 22), (0, 3), (23, 9), (30, 9)]
[(44, 17), (43, 21), (43, 21), (43, 21), (4, 9), (20, 9), (26, 17), (32, 13), (36, 22), (36, 22), (0, 3), (23, 9), (30, 9), (16, 15)]
[(43, 21), (43, 21), (43, 21), (4, 9), (20, 9), (26, 17), (32, 13), (36, 22), (36, 22), (0, 3), (23, 9), (30, 9), (16, 15), (44, 16)]
[(43, 21), (43, 21), (4, 9), (20, 9), (26, 17), (32, 13), (36, 22), (36, 22), (0, 3), (23, 9), (30, 9), (16, 15), (44, 16), (42, 21)]
[(43, 21), (4, 9), (20, 9), (26, 17), (32, 13), (36, 22), (36, 22), (0, 3), (23, 9), (30, 9), (16, 15), (44, 16), (42, 21), (42, 21)]
[(4, 9), (20, 9), (26, 17), (32, 13), (36, 22), (36, 22), (0, 3), (23, 9), (30, 9), (16, 15), (44, 16), (42, 21), (42, 21), (42, 21)]
[(20, 9), (26, 17), (32, 13), (36, 22), (36, 22), (0, 3), (23, 9), (30, 9), (16, 15), (44, 16), (42, 21), (42, 21), (42, 21), (3, 9)]
[(26, 17), (32, 13), (36, 22), (36, 22), (0, 3), (23, 9), (30, 9), (16, 15), (44, 16), (42, 21), (42, 21), (42, 21), (3, 9), (21, 9)]
[(32, 13), (36, 22), (36, 22), (0, 3), (23, 9), (30, 9), (16, 15), (44, 16), (42, 21), (42, 21), (42, 21), (21, 9), (3, 9), (26, 16)]
[(36, 22), (36, 22), (0, 3), (23, 9), (30, 9), (16, 15), (44, 16), (42, 21), (42, 21), (42, 21), (21, 9), (3, 9), (26, 16), (31, 13)]
[(36, 22), (0, 3), (23, 9), (30, 9), (16, 15), (44, 16), (42, 21), (42, 21), (42, 21), (21, 9), (3, 9), (26, 16), (31, 13), (36, 21)]
[(0, 3), (23, 9), (30, 9), (16, 15), (44, 16), (42, 21), (42, 21), (42, 21), (21, 9), (3, 9), (26, 16), (31, 13), (36, 21), (36, 21)]
[(23, 9), (30, 9), (16, 15), (44, 16), (42, 21), (42, 21), (42, 21), (21, 9), (3, 9), (26, 16), (31, 13), (36, 21), (36, 21), (0, 4), (0, 2)]
[(30, 9), (16, 15), (44, 16), (42, 21), (42, 21), (42, 21), (21, 9), (0, 4), (3, 9), (26, 16), (31, 13), (36, 21), (36, 21), (0, 2), (24, 9), (22, 9)]
[(16, 15), (44, 16), (42, 21), (42, 21), (42, 21), (21, 9), (0, 4), (24, 9), (3, 9), (26, 16), (31, 13), (36, 21), (36, 21), (0, 2), (22, 9), (29, 9)]
[(44, 16), (42, 21), (42, 21), (42, 21), (21, 9), (0, 4), (24, 9), (3, 9), (26, 16), (31, 13), (36, 21), (36, 21), (0, 2), (22, 9), (29, 9), (17, 15)]
[(42, 21), (42, 21), (42, 21), (21, 9), (0, 4), (24, 9), (17, 15), (3, 9), (26, 16), (31, 13), (36, 21), (36, 21), (0, 2), (22, 9), (29, 9), (44, 15)]
[(42, 21), (42, 21), (21, 9), (0, 4), (24, 9), (17, 15), (3, 9), (26, 16), (31, 13), (36, 21), (36, 21), (0, 2), (22, 9), (29, 9), (44, 15), (41, 21)]
[(42, 21), (21, 9), (0, 4), (24, 9), (17, 15), (3, 9), (26, 16), (31, 13), (36, 21), (36, 21), (0, 2), (22, 9), (29, 9), (44, 15), (41, 21), (41, 21)]
[(21, 9), (0, 4), (24, 9), (17, 15), (3, 9), (26, 16), (31, 13), (36, 21), (36, 21), (0, 2), (22, 9), (29, 9), (44, 15), (41, 21), (41, 21), (41, 21)]
[(0, 4), (24, 9), (17, 15), (3, 9), (26, 16), (31, 13), (36, 21), (36, 21), (0, 2), (22, 9), (29, 9), (44, 15), (41, 21), (41, 21), (41, 21), (22, 9)]
[(24, 9), (17, 15), (22, 9), (3, 9), (26, 16), (31, 13), (36, 21), (36, 21), (0, 2), (22, 9), (29, 9), (44, 15), (41, 21), (41, 21), (41, 21), (0, 5)]
[(17, 15), (22, 9), (0, 5), (3, 9), (26, 16), (31, 13), (36, 21), (36, 21), (0, 2), (22, 9), (29, 9), (44, 15), (41, 21), (41, 21), (41, 21), (25, 9), (24, 8)]
[(22, 9), (0, 5), (25, 9), (3, 9), (26, 16), (31, 13), (36, 21), (36, 21), (0, 2), (22, 9), (29, 9), (44, 15), (41, 21), (41, 21), (41, 21), (24, 8), (18, 15)]
[(0, 5), (25, 9), (18, 15), (3, 9), (26, 16), (31, 13), (36, 21), (36, 21), (0, 2), (22, 9), (29, 9), (44, 15), (41, 21), (41, 21), (41, 21), (24, 8)]
[(25, 9), (18, 15), (3, 9), (26, 16), (31, 13), (36, 21), (36, 21), (0, 2), (22, 9), (29, 9), (44, 15), (41, 21), (41, 21), (41, 21), (24, 8), (1, 5)]
[(18, 15), (1, 5), (3, 9), (26, 16), (31, 13), (36, 21), (36, 21), (0, 2), (22, 9), (29, 9), (44, 15), (41, 21), (41, 21), (41, 21), (24, 8), (26, 9)]
[(1, 5), (26, 9), (3, 9), (26, 16), (31, 13), (36, 21), (36, 21), (0, 2), (22, 9), (29, 9), (44, 15), (41, 21), (41, 21), (41, 21), (24, 8), (19, 15)]
[(26, 9), (19, 15), (3, 9), (26, 16), (31, 13), (36, 21), (36, 21), (0, 2), (22, 9), (29, 9), (44, 15), (41, 21), (41, 21), (41, 21), (24, 8), (2, 5)]
[(19, 15), (2, 5), (3, 9), (26, 16), (31, 13), (36, 21), (36, 21), (0, 2), (22, 9), (29, 9), (44, 15), (41, 21), (41, 21), (41, 21), (24, 8)]
[(2, 5), (3, 9), (26, 16), (31, 13), (36, 21), (36, 21), (0, 2), (22, 9), (29, 9), (44, 15), (41, 21), (41, 21), (41, 21), (24, 8), (20, 15)]
[(20, 15), (3, 9), (26, 16), (31, 13), (36, 21), (36, 21), (0, 2), (22, 9), (29, 9), (44, 15), (41, 21), (41, 21), (41, 21), (24, 8), (2, 6)]
[(2, 6), (3, 9), (26, 16), (31, 13), (36, 21), (36, 21), (0, 2), (22, 9), (29, 9), (44, 15), (41, 21), (41, 21), (41, 21), (24, 8), (21, 15)]
[(21, 15), (3, 9), (26, 16), (31, 13), (36, 21), (36, 21), (0, 2), (22, 9), (29, 9), (44, 15), (41, 21), (41, 21), (41, 21), (24, 8), (2, 7)]
[(2, 7), (3, 9), (26, 16), (31, 13), (36, 21), (36, 21), (0, 2), (22, 9), (29, 9), (44, 15), (41, 21), (41, 21), (41, 21), (24, 8), (22, 15)]
[(22, 15), (3, 9), (26, 16), (31, 13), (36, 21), (36, 21), (0, 2), (22, 9), (29, 9), (44, 15), (41, 21), (41, 21), (41, 21), (24, 8), (2, 8)]
[(2, 8), (3, 9), (26, 16), (31, 13), (36, 21), (36, 21), (0, 2), (22, 9), (29, 9), (44, 15), (41, 21), (41, 21), (41, 21), (24, 8), (23, 15)]
[(23, 15), (3, 9), (26, 16), (31, 13), (36, 21), (36, 21), (0, 2), (22, 9), (29, 9), (44, 15), (41, 21), (41, 21), (41, 21), (24, 8), (2, 9)]
[(2, 9), (3, 9), (26, 16), (31, 13), (36, 21), (36, 21), (0, 2), (22, 9), (29, 9), (44, 15), (41, 21), (41, 21), (41, 21), (24, 8), (24, 15)]
[(24, 15), (3, 9), (26, 16), (31, 13), (36, 21), (36, 21), (0, 2), (22, 9), (29, 9), (44, 15), (41, 21), (41, 21), (41, 21), (24, 8), (3, 9)]
[(3, 9), (3, 9), (26, 16), (31, 13), (36, 21), (36, 21), (0, 2), (22, 9), (29, 9), (44, 15), (41, 21), (41, 21), (41, 21), (24, 8), (25, 15)]
[(25, 15), (3, 9), (26, 16), (31, 13), (36, 21), (36, 21), (0, 2), (22, 9), (29, 9), (44, 15), (41, 21), (41, 21), (41, 21), (24, 8)]
[(3, 9), (26, 16), (31, 13), (36, 21), (36, 21), (0, 2), (22, 9), (29, 9), (44, 15), (41, 21), (41, 21), (41, 21), (24, 8), (26, 15)]
[(3, 9), (26, 16), (31, 13), (36, 21), (36, 21), (0, 2), (22, 9), (29, 9), (44, 15), (41, 21), (41, 21), (41, 21), (24, 8), (26, 16)]
[(3, 9), (26, 16), (31, 13), (36, 21), (36, 21), (0, 2), (22, 9), (29, 9), (44, 15), (41, 21), (41, 21), (41, 21), (24, 8)]
[(26, 16), (31, 13), (36, 21), (36, 21), (0, 2), (22, 9), (29, 9), (44, 15), (41, 21), (41, 21), (41, 21), (24, 8)]
[(31, 13), (36, 21), (36, 21), (0, 2), (22, 9), (29, 9), (44, 15), (41, 21), (41, 21), (41, 21), (24, 8)]
[(36, 21), (36, 21), (0, 2), (22, 9), (29, 9), (44, 15), (41, 21), (41, 21), (41, 21), (24, 8), (30, 13)]
[(36, 21), (0, 2), (22, 9), (29, 9), (44, 15), (41, 21), (41, 21), (41, 21), (24, 8), (30, 13), (36, 20)]
[(0, 2), (22, 9), (29, 9), (44, 15), (41, 21), (41, 21), (41, 21), (24, 8), (30, 13), (36, 20), (36, 20)]
[(22, 9), (29, 9), (44, 15), (41, 21), (41, 21), (41, 21), (24, 8), (30, 13), (36, 20), (36, 20), (0, 1)]
[(29, 9), (44, 15), (41, 21), (41, 21), (41, 21), (24, 8), (30, 13), (36, 20), (36, 20), (0, 1)]
[(44, 15), (41, 21), (41, 21), (41, 21), (24, 8), (30, 13), (36, 20), (36, 20), (0, 1), (28, 9)]
[(41, 21), (41, 21), (41, 21), (24, 8), (30, 13), (36, 20), (36, 20), (0, 1), (28, 9), (45, 15), (44, 14)]
[(41, 21), (41, 21), (24, 8), (45, 15), (30, 13), (36, 20), (36, 20), (0, 1), (28, 9), (44, 14), (40, 21)]
[(41, 21), (24, 8), (45, 15), (30, 13), (36, 20), (36, 20), (0, 1), (28, 9), (44, 14), (40, 21), (40, 21)]
[(24, 8), (45, 15), (30, 13), (36, 20), (36, 20), (0, 1), (28, 9), (44, 14), (40, 21), (40, 21), (40, 21)]
[(45, 15), (30, 13), (36, 20), (36, 20), (0, 1), (28, 9), (44, 14), (40, 21), (40, 21), (40, 21), (24, 7)]
[(30, 13), (36, 20), (36, 20), (0, 1), (28, 9), (44, 14), (40, 21), (40, 21), (40, 21), (24, 7), (46, 15)]
[(30, 13), (36, 20), (36, 20), (0, 1), (28, 9), (44, 14), (40, 21), (40, 21), (40, 21), (24, 7), (46, 16), (47, 15)]
[(47, 15), (30, 13), (36, 20), (36, 20), (0, 1), (28, 9), (44, 14), (40, 21), (40, 21), (40, 21), (24, 7), (46, 17)]
[(46, 17), (30, 13), (36, 20), (36, 20), (0, 1), (28, 9), (44, 14), (40, 21), (40, 21), (40, 21), (24, 7), (48, 15)]
[(48, 15), (30, 13), (36, 20), (36, 20), (0, 1), (28, 9), (44, 14), (40, 21), (40, 21), (40, 21), (24, 7)]
[(30, 13), (36, 20), (36, 20), (0, 1), (28, 9), (44, 14), (40, 21), (40, 21), (40, 21), (24, 7), (49, 15)]
[(30, 13), (36, 20), (36, 20), (0, 1), (28, 9), (44, 14), (40, 21), (40, 21), (40, 21), (24, 7), (50, 15)]
[(30, 13), (36, 20), (36, 20), (0, 1), (28, 9), (44, 14), (40, 21), (40, 21), (40, 21), (24, 7), (51, 15)]
[(30, 13), (36, 20), (36, 20), (0, 1), (28, 9), (44, 14), (40, 21), (40, 21), (40, 21), (24, 7), (52, 15)]
[(30, 13), (36, 20), (36, 20), (0, 1), (28, 9), (44, 14), (40, 21), (40, 21), (40, 21), (24, 7), (52, 14)]
[(36, 20), (36, 20), (0, 1), (28, 9), (44, 14), (40, 21), (40, 21), (40, 21), (24, 7), (52, 14)]
[(36, 20), (0, 1), (28, 9), (44, 14), (40, 21), (40, 21), (40, 21), (24, 7), (52, 14), (36, 19)]
[(0, 1), (28, 9), (44, 14), (40, 21), (40, 21), (40, 21), (24, 7), (52, 14), (36, 19), (36, 19)]
[(28, 9), (44, 14), (40, 21), (40, 21), (40, 21), (24, 7), (52, 14), (36, 19), (36, 19)]
[(44, 14), (40, 21), (40, 21), (40, 21), (24, 7), (52, 14), (36, 19), (36, 19), (28, 8)]
[(40, 21), (40, 21), (40, 21), (24, 7), (52, 14), (36, 19), (36, 19), (28, 8), (44, 13)]
[(40, 21), (40, 21), (24, 7), (52, 14), (36, 19), (36, 19), (28, 8), (44, 13), (40, 20)]
[(40, 21), (24, 7), (52, 14), (36, 19), (36, 19), (28, 8), (44, 13), (40, 20), (40, 20)]
[(24, 7), (52, 14), (36, 19), (36, 19), (28, 8), (44, 13), (40, 20), (40, 20), (40, 20)]
[(52, 14), (36, 19), (36, 19), (28, 8), (44, 13), (40, 20), (40, 20), (40, 20), (24, 6)]
[(36, 19), (36, 19), (28, 8), (44, 13), (40, 20), (40, 20), (40, 20), (24, 6), (52, 13)]
[(36, 19), (28, 8), (44, 13), (40, 20), (40, 20), (40, 20), (24, 6), (52, 13), (35, 19)]
[(28, 8), (44, 13), (40, 20), (40, 20), (40, 20), (24, 6), (52, 13), (35, 19), (35, 19)]
[(44, 13), (40, 20), (40, 20), (40, 20), (24, 6), (52, 13), (35, 19), (35, 19), (28, 7)]
[(40, 20), (40, 20), (40, 20), (24, 6), (52, 13), (35, 19), (35, 19), (28, 7), (44, 12)]
[(40, 20), (40, 20), (24, 6), (52, 13), (35, 19), (35, 19), (28, 7), (44, 12), (40, 19)]
[(40, 20), (24, 6), (52, 13), (35, 19), (35, 19), (28, 7), (44, 12), (40, 19), (40, 19)]
[(24, 6), (52, 13), (35, 19), (35, 19), (28, 7), (44, 12), (40, 19), (40, 19), (40, 19)]
[(52, 13), (35, 19), (35, 19), (28, 7), (44, 12), (40, 19), (40, 19), (40, 19), (24, 5)]
[(35, 19), (35, 19), (28, 7), (44, 12), (40, 19), (40, 19), (40, 19), (24, 5), (53, 13)]
[(35, 19), (35, 19), (28, 7), (44, 12), (40, 19), (40, 19), (40, 19), (24, 5), (54, 13)]
[(35, 19), (35, 19), (28, 7), (44, 12), (40, 19), (40, 19), (40, 19), (24, 5), (54, 12)]
[(35, 19), (28, 7), (44, 12), (40, 19), (40, 19), (40, 19), (24, 5), (54, 12), (34, 19)]
[(28, 7), (44, 12), (40, 19), (40, 19), (40, 19), (24, 5), (54, 12), (34, 19), (34, 19)]
[(44, 12), (40, 19), (40, 19), (40, 19), (24, 5), (54, 12), (34, 19), (34, 19), (28, 6), (27, 7)]
[(40, 19), (40, 19), (40, 19), (24, 5), (54, 12), (34, 19), (34, 19), (28, 6), (27, 7), (44, 11)]
[(40, 19), (40, 19), (24, 5), (54, 12), (34, 19), (34, 19), (28, 6), (27, 7), (44, 11)]
[(40, 19), (24, 5), (54, 12), (34, 19), (34, 19), (28, 6), (27, 7), (44, 11)]
[(24, 5), (54, 12), (34, 19), (34, 19), (28, 6), (27, 7), (44, 11)]
[(54, 12), (34, 19), (34, 19), (28, 6), (27, 7), (44, 11), (23, 5)]
[(34, 19), (34, 19), (28, 6), (27, 7), (44, 11), (23, 5), (54, 11)]
[(34, 19), (28, 6), (27, 7), (44, 11), (23, 5), (54, 11), (33, 19)]
[(28, 6), (27, 7), (44, 11), (23, 5), (54, 11), (33, 19), (33, 19)]
[(27, 7), (44, 11), (23, 5), (54, 11), (33, 19), (33, 19), (28, 5)]
[(44, 11), (23, 5), (54, 11), (33, 19), (33, 19), (28, 5), (26, 7)]
[(23, 5), (54, 11), (33, 19), (33, 19), (28, 5), (26, 7), (43, 11)]
[(54, 11), (33, 19), (33, 19), (28, 5), (26, 7), (43, 11), (22, 5)]
[(33, 19), (33, 19), (28, 5), (26, 7), (43, 11), (22, 5), (54, 10)]
[(33, 19), (28, 5), (26, 7), (43, 11), (22, 5), (54, 10), (32, 19)]
[(28, 5), (26, 7), (43, 11), (22, 5), (54, 10), (32, 19), (32, 19)]
[(26, 7), (43, 11), (22, 5), (54, 10), (32, 19), (32, 19), (28, 4)]
[(43, 11), (22, 5), (54, 10), (32, 19), (32, 19), (28, 4), (26, 6)]
[(22, 5), (54, 10), (32, 19), (32, 19), (28, 4), (26, 6), (42, 11)]
[(54, 10), (32, 19), (32, 19), (28, 4), (26, 6), (42, 11), (22, 6)]
[(22, 6), (32, 19), (32, 19), (28, 4), (26, 6), (42, 11), (54, 9)]
[(32, 19), (32, 19), (28, 4), (26, 6), (42, 11), (54, 9), (22, 7)]
[(32, 19), (32, 19), (28, 4), (26, 6), (42, 11), (54, 9), (21, 7)]
[(32, 19), (28, 4), (26, 6), (42, 11), (54, 9), (21, 7), (32, 20)]
[(28, 4), (26, 6), (42, 11), (54, 9), (21, 7), (32, 20), (32, 20)]
[(26, 6), (42, 11), (54, 9), (21, 7), (32, 20), (32, 20), (28, 3)]
[(42, 11), (54, 9), (21, 7), (32, 20), (32, 20), (28, 3), (26, 5)]
[(54, 9), (21, 7), (32, 20), (32, 20), (28, 3), (26, 5), (42, 12), (42, 10)]
[(21, 7), (32, 20), (32, 20), (42, 12), (28, 3), (26, 5), (42, 10)]
[(32, 20), (32, 20), (42, 12), (28, 3), (26, 5), (42, 10), (20, 7)]
[(32, 20), (42, 12), (28, 3), (26, 5), (42, 10), (20, 7), (32, 21), (31, 20)]
[(42, 12), (32, 21), (28, 3), (26, 5), (42, 10), (20, 7), (31, 20), (32, 21), (31, 20)]
[(32, 21), (32, 21), (28, 3), (26, 5), (42, 10), (20, 7), (31, 20), (31, 20), (42, 13)]
[(32, 21), (42, 13), (28, 3), (26, 5), (42, 10), (20, 7), (31, 20), (31, 20), (32, 22)]
[(42, 13), (32, 22), (28, 3), (26, 5), (42, 10), (20, 7), (31, 20), (31, 20), (32, 22)]
[(32, 22), (32, 22), (28, 3), (26, 5), (42, 10), (20, 7), (31, 20), (31, 20), (42, 14)]
[(32, 22), (42, 14), (28, 3), (26, 5), (42, 10), (20, 7), (31, 20), (31, 20), (32, 23)]
[(42, 14), (32, 23), (28, 3), (26, 5), (42, 10), (20, 7), (31, 20), (31, 20), (32, 23)]
[(32, 23), (32, 23), (28, 3), (26, 5), (42, 10), (20, 7), (31, 20), (31, 20), (42, 15)]
[(32, 23), (42, 15), (28, 3), (26, 5), (42, 10), (20, 7), (31, 20), (31, 20), (32, 24)]
[(42, 15), (32, 24), (28, 3), (26, 5), (42, 10), (20, 7), (31, 20), (31, 20), (32, 24)]
[(32, 24), (32, 24), (28, 3), (26, 5), (42, 10), (20, 7), (31, 20), (31, 20)]
[(32, 24), (28, 3), (26, 5), (42, 10), (20, 7), (31, 20), (31, 20), (32, 25)]
[(32, 25), (28, 3), (26, 5), (42, 10), (20, 7), (31, 20), (31, 20), (32, 25)]
[(32, 25), (28, 3), (26, 5), (42, 10), (20, 7), (31, 20), (31, 20), (31, 25)]
[(28, 3), (26, 5), (42, 10), (20, 7), (31, 20), (31, 20), (31, 25), (31, 25)]
[(26, 5), (42, 10), (20, 7), (31, 20), (31, 20), (31, 25), (31, 25), (29, 3), (28, 2)]
[(42, 10), (20, 7), (31, 20), (31, 20), (31, 25), (31, 25), (29, 3), (28, 2), (26, 4)]
[(20, 7), (31, 20), (31, 20), (31, 25), (31, 25), (29, 3), (28, 2), (26, 4), (42, 9)]
[(31, 20), (31, 20), (31, 25), (31, 25), (29, 3), (28, 2), (26, 4), (42, 9), (20, 6)]
[(31, 20), (31, 25), (31, 25), (29, 3), (28, 2), (26, 4), (42, 9), (20, 6), (30, 20)]
[(31, 25), (31, 25), (29, 3), (28, 2), (26, 4), (42, 9), (20, 6), (30, 20), (30, 20)]
[(31, 25), (29, 3), (28, 2), (26, 4), (42, 9), (20, 6), (30, 20), (30, 20), (30, 25)]
[(29, 3), (28, 2), (26, 4), (42, 9), (20, 6), (30, 20), (30, 20), (30, 25), (30, 25)]
[(28, 2), (26, 4), (42, 9), (20, 6), (30, 20), (30, 20), (30, 25), (30, 25), (30, 3)]
[(28, 2), (26, 4), (42, 9), (20, 6), (30, 20), (30, 20), (30, 25), (30, 25), (30, 4)]
[(28, 2), (26, 4), (42, 9), (20, 6), (30, 20), (30, 20), (30, 25), (30, 25), (30, 5)]
[(28, 2), (26, 4), (42, 9), (20, 6), (30, 20), (30, 20), (30, 25), (30, 25), (30, 6)]
[(28, 2), (26, 4), (42, 9), (20, 6), (30, 20), (30, 20), (30, 25), (30, 25), (30, 7)]
[(28, 2), (26, 4), (42, 9), (20, 6), (30, 20), (30, 20), (30, 25), (30, 25), (31, 7)]
[(28, 2), (26, 4), (42, 9), (20, 6), (30, 20), (30, 20), (30, 25), (30, 25), (32, 7)]
[(28, 2), (26, 4), (42, 9), (20, 6), (30, 20), (30, 20), (30, 25), (30, 25), (32, 8)]
[(28, 2), (26, 4), (42, 9), (20, 6), (30, 20), (30, 20), (30, 25), (30, 25), (32, 9)]
[(28, 2), (26, 4), (42, 9), (20, 6), (30, 20), (30, 20), (30, 25), (30, 25), (32, 10), (33, 9)]
[(33, 9), (28, 2), (26, 4), (42, 9), (20, 6), (30, 20), (30, 20), (30, 25), (30, 25), (32, 11)]
[(32, 11), (28, 2), (26, 4), (42, 9), (20, 6), (30, 20), (30, 20), (30, 25), (30, 25), (34, 9)]
[(34, 9), (28, 2), (26, 4), (42, 9), (20, 6), (30, 20), (30, 20), (30, 25), (30, 25), (33, 11)]
[(33, 11), (28, 2), (26, 4), (42, 9), (20, 6), (30, 20), (30, 20), (30, 25), (30, 25)]
[(28, 2), (26, 4), (42, 9), (20, 6), (30, 20), (30, 20), (30, 25), (30, 25), (34, 11)]
[(28, 2), (26, 4), (42, 9), (20, 6), (30, 20), (30, 20), (30, 25), (30, 25), (35, 11)]
[(28, 2), (26, 4), (42, 9), (20, 6), (30, 20), (30, 20), (30, 25), (30, 25), (36, 11)]
[(28, 2), (26, 4), (42, 9), (20, 6), (30, 20), (30, 20), (30, 25), (30, 25), (37, 11)]
[(28, 2), (26, 4), (42, 9), (20, 6), (30, 20), (30, 20), (30, 25), (30, 25), (38, 11)]
[(28, 2), (26, 4), (42, 9), (20, 6), (30, 20), (30, 20), (30, 25), (30, 25), (39, 11)]
[(28, 2), (26, 4), (42, 9), (20, 6), (30, 20), (30, 20), (30, 25), (30, 25), (40, 11)]
[(28, 2), (26, 4), (42, 9), (20, 6), (30, 20), (30, 20), (30, 25), (30, 25), (40, 10)]
[(26, 4), (42, 9), (20, 6), (30, 20), (30, 20), (30, 25), (30, 25), (40, 10), (28, 1)]
[(42, 9), (20, 6), (30, 20), (30, 20), (30, 25), (30, 25), (40, 10), (28, 1), (26, 3)]
[(20, 6), (30, 20), (30, 20), (30, 25), (30, 25), (40, 10), (28, 1), (26, 3), (43, 9)]
[(30, 20), (30, 20), (30, 25), (30, 25), (40, 10), (43, 9), (28, 1), (26, 3), (20, 5)]
[(30, 20), (30, 25), (30, 25), (40, 10), (43, 9), (28, 1), (26, 3), (20, 5), (30, 21), (30, 19)]
[(30, 25), (30, 25), (40, 10), (43, 9), (30, 21), (28, 1), (26, 3), (20, 5), (30, 19), (30, 21), (30, 19)]
[(30, 25), (40, 10), (43, 9), (30, 21), (30, 21), (28, 1), (26, 3), (20, 5), (30, 19), (30, 19), (30, 24)]
[(40, 10), (43, 9), (30, 21), (30, 21), (28, 1), (26, 3), (20, 5), (30, 19), (30, 19), (30, 24), (30, 24)]
[(43, 9), (30, 21), (30, 21), (28, 1), (26, 3), (20, 5), (30, 19), (30, 19), (30, 24), (30, 24), (40, 9)]
[(30, 21), (30, 21), (28, 1), (26, 3), (20, 5), (30, 19), (30, 19), (30, 24), (30, 24), (40, 9), (44, 9)]
[(30, 21), (44, 9), (28, 1), (26, 3), (20, 5), (30, 19), (30, 19), (30, 24), (30, 24), (40, 9), (29, 21)]
[(44, 9), (28, 1), (26, 3), (20, 5), (30, 19), (30, 19), (30, 24), (30, 24), (40, 9), (29, 21), (29, 21)]
[(28, 1), (26, 3), (20, 5), (30, 19), (30, 19), (30, 24), (30, 24), (40, 9), (29, 21), (29, 21), (45, 9)]
[(28, 1), (26, 3), (20, 5), (30, 19), (30, 19), (30, 24), (30, 24), (40, 9), (29, 21), (29, 21), (46, 9)]
[(28, 1), (26, 3), (20, 5), (30, 19), (30, 19), (30, 24), (30, 24), (40, 9), (29, 21), (29, 21), (46, 8)]
[(26, 3), (20, 5), (30, 19), (30, 19), (30, 24), (30, 24), (40, 9), (29, 21), (29, 21), (46, 8), (29, 1), (27, 1)]
[(20, 5), (30, 19), (30, 19), (30, 24), (30, 24), (40, 9), (29, 21), (29, 21), (46, 8), (29, 1), (27, 1), (25, 3)]
[(30, 19), (30, 19), (30, 24), (30, 24), (40, 9), (29, 21), (29, 21), (46, 8), (29, 1), (27, 1), (25, 3)]
[(30, 19), (30, 24), (30, 24), (40, 9), (29, 21), (29, 21), (46, 8), (29, 1), (27, 1), (25, 3)]
[(30, 24), (30, 24), (40, 9), (29, 21), (29, 21), (46, 8), (29, 1), (27, 1), (25, 3)]
[(30, 24), (40, 9), (29, 21), (29, 21), (46, 8), (29, 1), (27, 1), (25, 3), (30, 23)]
[(40, 9), (29, 21), (29, 21), (46, 8), (29, 1), (27, 1), (25, 3), (30, 23), (30, 23)]
[(29, 21), (29, 21), (46, 8), (29, 1), (27, 1), (25, 3), (30, 23), (30, 23), (39, 9)]
[(29, 21), (46, 8), (29, 1), (27, 1), (25, 3), (30, 23), (30, 23), (39, 9), (28, 21)]
[(46, 8), (29, 1), (27, 1), (25, 3), (30, 23), (30, 23), (39, 9), (28, 21), (28, 21)]
[(29, 1), (27, 1), (25, 3), (30, 23), (30, 23), (39, 9), (28, 21), (28, 21), (46, 7)]
[(27, 1), (25, 3), (30, 23), (30, 23), (39, 9), (28, 21), (28, 21), (46, 7), (30, 1)]
[(27, 1), (25, 3), (30, 23), (30, 23), (39, 9), (28, 21), (28, 21), (46, 7), (31, 1)]
[(27, 1), (25, 3), (30, 23), (30, 23), (39, 9), (28, 21), (28, 21), (46, 7), (32, 1)]
[(27, 1), (25, 3), (30, 23), (30, 23), (39, 9), (28, 21), (28, 21), (46, 7), (32, 2)]
[(27, 1), (25, 3), (30, 23), (30, 23), (39, 9), (28, 21), (28, 21), (46, 7), (32, 3)]
[(27, 1), (25, 3), (30, 23), (30, 23), (39, 9), (28, 21), (28, 21), (46, 7), (32, 4)]
[(27, 1), (25, 3), (30, 23), (30, 23), (39, 9), (28, 21), (28, 21), (46, 7), (32, 5)]
[(27, 1), (25, 3), (30, 23), (30, 23), (39, 9), (28, 21), (28, 21), (46, 7)]
[(25, 3), (30, 23), (30, 23), (39, 9), (28, 21), (28, 21), (46, 7), (26, 1)]
[(30, 23), (30, 23), (39, 9), (28, 21), (28, 21), (46, 7), (26, 1), (24, 3)]
[(30, 23), (39, 9), (28, 21), (28, 21), (46, 7), (26, 1), (24, 3), (29, 23)]
[(39, 9), (28, 21), (28, 21), (46, 7), (26, 1), (24, 3), (29, 23), (29, 23)]
[(28, 21), (28, 21), (46, 7), (26, 1), (24, 3), (29, 23), (29, 23), (38, 9)]
[(28, 21), (46, 7), (26, 1), (24, 3), (29, 23), (29, 23), (38, 9), (28, 20)]
[(46, 7), (26, 1), (24, 3), (29, 23), (29, 23), (38, 9), (28, 20), (28, 20)]
[(26, 1), (24, 3), (29, 23), (29, 23), (38, 9), (28, 20), (28, 20), (47, 7)]
[(26, 1), (24, 3), (29, 23), (29, 23), (38, 9), (28, 20), (28, 20), (48, 7)]
[(26, 1), (24, 3), (29, 23), (29, 23), (38, 9), (28, 20), (28, 20), (48, 6)]
[(24, 3), (29, 23), (29, 23), (38, 9), (28, 20), (28, 20), (48, 6), (25, 1)]
[(29, 23), (29, 23), (38, 9), (28, 20), (28, 20), (48, 6), (25, 1), (24, 2)]
[(29, 23), (38, 9), (28, 20), (28, 20), (48, 6), (25, 1), (24, 2), (28, 23)]
[(38, 9), (28, 20), (28, 20), (48, 6), (25, 1), (24, 2), (28, 23), (28, 23)]
[(28, 20), (28, 20), (48, 6), (25, 1), (24, 2), (28, 23), (28, 23), (37, 9)]
[(28, 20), (48, 6), (25, 1), (24, 2), (28, 23), (28, 23), (37, 9), (28, 19)]
[(48, 6), (25, 1), (24, 2), (28, 23), (28, 23), (37, 9), (28, 19), (28, 19)]
[(25, 1), (24, 2), (28, 23), (28, 23), (37, 9), (28, 19), (28, 19), (49, 6), (48, 5)]
[(25, 1), (24, 2), (28, 23), (28, 23), (37, 9), (28, 19), (28, 19), (48, 5), (50, 6)]
[(25, 1), (24, 2), (28, 23), (28, 23), (37, 9), (28, 19), (28, 19), (48, 5), (50, 7), (50, 5)]
[(25, 1), (24, 2), (28, 23), (28, 23), (37, 9), (28, 19), (28, 19), (48, 5), (50, 5), (50, 8)]
[(25, 1), (24, 2), (28, 23), (28, 23), (37, 9), (28, 19), (28, 19), (48, 5), (50, 5), (50, 9)]
[(25, 1), (24, 2), (28, 23), (28, 23), (37, 9), (28, 19), (28, 19), (48, 5), (50, 5), (49, 9)]
[(24, 2), (28, 23), (28, 23), (37, 9), (28, 19), (28, 19), (48, 5), (50, 5), (49, 9), (24, 1)]
[(28, 23), (28, 23), (37, 9), (28, 19), (28, 19), (48, 5), (50, 5), (49, 9), (24, 1), (24, 1)]
[(28, 23), (37, 9), (28, 19), (28, 19), (48, 5), (50, 5), (49, 9), (24, 1), (24, 1), (27, 23)]
[(37, 9), (28, 19), (28, 19), (48, 5), (50, 5), (49, 9), (24, 1), (24, 1), (27, 23), (27, 23)]
[(28, 19), (28, 19), (48, 5), (50, 5), (49, 9), (24, 1), (24, 1), (27, 23), (27, 23), (36, 9)]
[(28, 19), (48, 5), (50, 5), (49, 9), (24, 1), (24, 1), (27, 23), (27, 23), (36, 9), (27, 19)]
[(48, 5), (50, 5), (49, 9), (24, 1), (24, 1), (27, 23), (27, 23), (36, 9), (27, 19), (27, 19)]
[(50, 5), (49, 9), (24, 1), (24, 1), (27, 23), (27, 23), (36, 9), (27, 19), (27, 19), (47, 5)]
[(49, 9), (24, 1), (24, 1), (27, 23), (27, 23), (36, 9), (27, 19), (27, 19), (47, 5), (51, 5)]
[(51, 5), (24, 1), (24, 1), (27, 23), (27, 23), (36, 9), (27, 19), (27, 19), (47, 5), (48, 9)]
[(24, 1), (24, 1), (27, 23), (27, 23), (36, 9), (27, 19), (27, 19), (47, 5), (48, 9), (52, 5)]
[(24, 1), (24, 1), (27, 23), (27, 23), (36, 9), (27, 19), (27, 19), (47, 5), (48, 9), (52, 4)]
[(24, 1), (27, 23), (27, 23), (36, 9), (27, 19), (27, 19), (47, 5), (48, 9), (52, 4)]
[(27, 23), (27, 23), (36, 9), (27, 19), (27, 19), (47, 5), (48, 9), (52, 4)]
[(27, 23), (36, 9), (27, 19), (27, 19), (47, 5), (48, 9), (52, 4), (26, 23)]
[(36, 9), (27, 19), (27, 19), (47, 5), (48, 9), (52, 4), (26, 23), (26, 23)]
[(27, 19), (27, 19), (47, 5), (48, 9), (52, 4), (26, 23), (26, 23), (36, 8)]
[(27, 19), (47, 5), (48, 9), (52, 4), (26, 23), (26, 23), (36, 8), (26, 19)]
[(47, 5), (48, 9), (52, 4), (26, 23), (26, 23), (36, 8), (26, 19), (26, 19)]
[(48, 9), (52, 4), (26, 23), (26, 23), (36, 8), (26, 19), (26, 19), (46, 5)]
[(52, 4), (26, 23), (26, 23), (36, 8), (26, 19), (26, 19), (46, 5), (48, 10)]
[(48, 10), (26, 23), (26, 23), (36, 8), (26, 19), (26, 19), (46, 5), (52, 3)]
[(26, 23), (26, 23), (36, 8), (26, 19), (26, 19), (46, 5), (52, 3), (48, 11)]
[(26, 23), (26, 23), (36, 8), (26, 19), (26, 19), (46, 5), (52, 3), (47, 11)]
[(26, 23), (36, 8), (26, 19), (26, 19), (46, 5), (52, 3), (47, 11), (26, 22)]
[(36, 8), (26, 19), (26, 19), (46, 5), (52, 3), (47, 11), (26, 22), (26, 22)]
[(26, 19), (26, 19), (46, 5), (52, 3), (47, 11), (26, 22), (26, 22), (36, 7)]
[(26, 19), (46, 5), (52, 3), (47, 11), (26, 22), (26, 22), (36, 7), (26, 20), (25, 19)]
[(46, 5), (52, 3), (47, 11), (26, 20), (26, 22), (26, 22), (36, 7), (25, 19), (26, 20), (25, 19)]
[(52, 3), (47, 11), (26, 20), (26, 20), (26, 22), (26, 22), (36, 7), (25, 19), (25, 19), (45, 5)]
[(47, 11), (26, 20), (26, 20), (26, 22), (26, 22), (36, 7), (25, 19), (25, 19), (45, 5), (53, 3)]
[(26, 20), (26, 20), (53, 3), (26, 22), (26, 22), (36, 7), (25, 19), (25, 19), (45, 5), (46, 11)]
[(26, 20), (53, 3), (26, 22), (26, 22), (36, 7), (25, 19), (25, 19), (45, 5), (46, 11), (26, 21)]
[(53, 3), (26, 21), (26, 22), (26, 22), (36, 7), (25, 19), (25, 19), (45, 5), (46, 11), (26, 21)]
[(26, 21), (26, 21), (26, 22), (26, 22), (36, 7), (25, 19), (25, 19), (45, 5), (46, 11), (54, 3)]
[(26, 21), (54, 3), (26, 22), (26, 22), (36, 7), (25, 19), (25, 19), (45, 5), (46, 11), (26, 22)]
[(54, 3), (26, 22), (26, 22), (26, 22), (36, 7), (25, 19), (25, 19), (45, 5), (46, 11), (26, 22)]
[(26, 22), (26, 22), (26, 22), (26, 22), (36, 7), (25, 19), (25, 19), (45, 5), (46, 11), (54, 4), (54, 2)]
[(26, 22), (54, 4), (26, 22), (26, 22), (36, 7), (25, 19), (25, 19), (45, 5), (46, 11), (54, 2)]
[(54, 4), (26, 22), (26, 22), (36, 7), (25, 19), (25, 19), (45, 5), (46, 11), (54, 2)]
[(26, 22), (26, 22), (36, 7), (25, 19), (25, 19), (45, 5), (46, 11), (54, 2), (54, 5)]
[(26, 22), (26, 22), (36, 7), (25, 19), (25, 19), (45, 5), (46, 11), (54, 2)]
[(26, 22), (36, 7), (25, 19), (25, 19), (45, 5), (46, 11), (54, 2)]
[(36, 7), (25, 19), (25, 19), (45, 5), (46, 11), (54, 2)]
[(25, 19), (25, 19), (45, 5), (46, 11), (54, 2), (35, 7)]
[(25, 19), (45, 5), (46, 11), (54, 2), (35, 7), (24, 19)]
[(45, 5), (46, 11), (54, 2), (35, 7), (24, 19), (24, 19)]
[(46, 11), (54, 2), (35, 7), (24, 19), (24, 19), (44, 5)]
[(54, 2), (35, 7), (24, 19), (24, 19), (44, 5), (46, 12)]
[(46, 12), (35, 7), (24, 19), (24, 19), (44, 5), (54, 1)]
[(35, 7), (24, 19), (24, 19), (44, 5), (54, 1), (46, 13)]
[(35, 7), (24, 19), (24, 19), (44, 5), (54, 1), (47, 13)]
[(35, 7), (24, 19), (24, 19), (44, 5), (54, 1), (48, 13)]
[(35, 7), (24, 19), (24, 19), (44, 5), (54, 1), (49, 13)]
[(35, 7), (24, 19), (24, 19), (44, 5), (54, 1), (50, 13)]
[(35, 7), (24, 19), (24, 19), (44, 5), (54, 1), (50, 12)]
[(24, 19), (24, 19), (44, 5), (54, 1), (50, 12), (35, 6), (34, 7)]
[(24, 19), (44, 5), (54, 1), (50, 12), (35, 6), (34, 7), (23, 19)]
[(44, 5), (54, 1), (50, 12), (35, 6), (34, 7), (23, 19), (23, 19)]
[(54, 1), (50, 12), (35, 6), (34, 7), (23, 19), (23, 19), (43, 5)]
[(50, 12), (35, 6), (34, 7), (23, 19), (23, 19), (43, 5), (55, 1), (53, 1)]
[(55, 1), (35, 6), (34, 7), (23, 19), (23, 19), (43, 5), (53, 1), (50, 11)]
[(35, 6), (34, 7), (23, 19), (23, 19), (43, 5), (53, 1), (50, 11), (56, 1)]
[(35, 6), (34, 7), (23, 19), (23, 19), (43, 5), (53, 1), (50, 11), (57, 1)]
[(35, 6), (34, 7), (23, 19), (23, 19), (43, 5), (53, 1), (50, 11), (58, 1)]
[(35, 6), (34, 7), (23, 19), (23, 19), (43, 5), (53, 1), (50, 11), (59, 1)]
[(35, 6), (34, 7), (23, 19), (23, 19), (43, 5), (53, 1), (50, 11), (60, 1)]
[(35, 6), (34, 7), (23, 19), (23, 19), (43, 5), (53, 1), (50, 11), (61, 1)]
[(35, 6), (34, 7), (23, 19), (23, 19), (43, 5), (53, 1), (50, 11), (62, 1)]
[(35, 6), (34, 7), (23, 19), (23, 19), (43, 5), (53, 1), (50, 11), (63, 1)]
[(34, 7), (23, 19), (23, 19), (43, 5), (53, 1), (50, 11), (63, 1), (34, 6)]
[(23, 19), (23, 19), (43, 5), (53, 1), (50, 11), (63, 1), (34, 6), (34, 6)]
[(23, 19), (43, 5), (53, 1), (50, 11), (63, 1), (34, 6), (34, 6), (22, 19)]
[(43, 5), (53, 1), (50, 11), (63, 1), (34, 6), (34, 6), (22, 19), (22, 19)]
[(53, 1), (50, 11), (63, 1), (34, 6), (34, 6), (22, 19), (22, 19), (42, 5)]
[(50, 11), (63, 1), (34, 6), (34, 6), (22, 19), (22, 19), (42, 5), (52, 1)]
[(63, 1), (34, 6), (34, 6), (22, 19), (22, 19), (42, 5), (52, 1), (51, 11)]
[(51, 11), (34, 6), (34, 6), (22, 19), (22, 19), (42, 5), (52, 1), (64, 1)]
[(34, 6), (34, 6), (22, 19), (22, 19), (42, 5), (52, 1), (64, 1), (52, 11)]
[(34, 6), (34, 6), (22, 19), (22, 19), (42, 5), (52, 1), (64, 1), (52, 10)]
[(34, 6), (22, 19), (22, 19), (42, 5), (52, 1), (64, 1), (52, 10), (34, 5)]
[(22, 19), (22, 19), (42, 5), (52, 1), (64, 1), (52, 10), (34, 5), (34, 5)]
[(22, 19), (42, 5), (52, 1), (64, 1), (52, 10), (34, 5), (34, 5), (22, 18)]
[(42, 5), (52, 1), (64, 1), (52, 10), (34, 5), (34, 5), (22, 18), (22, 18)]
[(52, 1), (64, 1), (52, 10), (34, 5), (34, 5), (22, 18), (22, 18), (41, 5)]
[(64, 1), (52, 10), (34, 5), (34, 5), (22, 18), (22, 18), (41, 5), (51, 1)]
[(52, 10), (34, 5), (34, 5), (22, 18), (22, 18), (41, 5), (51, 1)]
[(34, 5), (34, 5), (22, 18), (22, 18), (41, 5), (51, 1), (52, 9)]
[(34, 5), (22, 18), (22, 18), (41, 5), (51, 1), (52, 9), (34, 4)]
[(22, 18), (22, 18), (41, 5), (51, 1), (52, 9), (34, 4), (34, 4)]
[(22, 18), (41, 5), (51, 1), (52, 9), (34, 4), (34, 4), (22, 17)]
[(41, 5), (51, 1), (52, 9), (34, 4), (34, 4), (22, 17), (22, 17)]
[(51, 1), (52, 9), (34, 4), (34, 4), (22, 17), (22, 17), (40, 5)]
[(52, 9), (34, 4), (34, 4), (22, 17), (22, 17), (40, 5), (50, 1)]
[(34, 4), (34, 4), (22, 17), (22, 17), (40, 5), (50, 1), (52, 8)]
[(34, 4), (22, 17), (22, 17), (40, 5), (50, 1), (52, 8), (34, 3)]
[(22, 17), (22, 17), (40, 5), (50, 1), (52, 8), (34, 3), (34, 3)]
[(22, 17), (40, 5), (50, 1), (52, 8), (34, 3), (34, 3), (23, 17), (21, 17)]
[(40, 5), (50, 1), (52, 8), (23, 17), (34, 3), (34, 3), (21, 17), (23, 17), (21, 17)]
[(50, 1), (52, 8), (23, 17), (23, 17), (34, 3), (34, 3), (21, 17), (21, 17), (39, 5)]
[(52, 8), (23, 17), (23, 17), (34, 3), (34, 3), (21, 17), (21, 17), (39, 5), (50, 2)]
[(23, 17), (23, 17), (50, 2), (34, 3), (34, 3), (21, 17), (21, 17), (39, 5), (52, 7)]
[(23, 17), (50, 2), (34, 3), (34, 3), (21, 17), (21, 17), (39, 5), (52, 7), (24, 17)]
[(50, 2), (24, 17), (34, 3), (34, 3), (21, 17), (21, 17), (39, 5), (52, 7), (24, 17)]
[(24, 17), (24, 17), (34, 3), (34, 3), (21, 17), (21, 17), (39, 5), (52, 7), (50, 3)]
[(24, 17), (50, 3), (34, 3), (34, 3), (21, 17), (21, 17), (39, 5), (52, 7)]
[(50, 3), (34, 3), (34, 3), (21, 17), (21, 17), (39, 5), (52, 7)]
[(34, 3), (34, 3), (21, 17), (21, 17), (39, 5), (52, 7), (49, 3)]
[(34, 3), (21, 17), (21, 17), (39, 5), (52, 7), (49, 3), (34, 2)]
[(21, 17), (21, 17), (39, 5), (52, 7), (49, 3), (34, 2), (34, 2)]
[(21, 17), (39, 5), (52, 7), (49, 3), (34, 2), (34, 2), (20, 17)]
[(39, 5), (52, 7), (49, 3), (34, 2), (34, 2), (20, 17), (20, 17)]
[(52, 7), (49, 3), (34, 2), (34, 2), (20, 17), (20, 17), (38, 5)]
[(49, 3), (34, 2), (34, 2), (20, 17), (20, 17), (38, 5), (53, 7)]
[(53, 7), (34, 2), (34, 2), (20, 17), (20, 17), (38, 5), (48, 3)]
[(34, 2), (34, 2), (20, 17), (20, 17), (38, 5), (48, 3), (54, 7)]
[(34, 2), (34, 2), (20, 17), (20, 17), (38, 5), (48, 3), (55, 7)]
[(34, 2), (34, 2), (20, 17), (20, 17), (38, 5), (48, 3), (56, 7)]
[(34, 2), (34, 2), (20, 17), (20, 17), (38, 5), (48, 3), (56, 6)]
[(34, 2), (20, 17), (20, 17), (38, 5), (48, 3), (56, 6), (34, 1)]
[(20, 17), (20, 17), (38, 5), (48, 3), (56, 6), (34, 1), (34, 1)]
[(20, 17), (38, 5), (48, 3), (56, 6), (34, 1), (34, 1), (20, 18)]
[(38, 5), (48, 3), (56, 6), (20, 18), (34, 1), (34, 1), (20, 18)]
[(48, 3), (56, 6), (20, 18), (20, 18), (34, 1), (34, 1), (38, 6), (37, 5)]
[(56, 6), (20, 18), (20, 18), (38, 6), (34, 1), (34, 1), (37, 5), (48, 2)]
[(20, 18), (20, 18), (38, 6), (34, 1), (34, 1), (37, 5), (48, 2), (56, 5)]
[(20, 18), (38, 6), (34, 1), (34, 1), (37, 5), (48, 2), (56, 5), (20, 19)]
[(38, 6), (20, 19), (34, 1), (34, 1), (37, 5), (48, 2), (56, 5), (20, 19)]
[(20, 19), (20, 19), (34, 1), (34, 1), (37, 5), (48, 2), (56, 5), (38, 7)]
[(20, 19), (38, 7), (34, 1), (34, 1), (37, 5), (48, 2), (56, 5), (20, 20)]
[(38, 7), (20, 20), (34, 1), (34, 1), (37, 5), (48, 2), (56, 5), (20, 20)]
[(20, 20), (20, 20), (34, 1), (34, 1), (37, 5), (48, 2), (56, 5), (39, 7)]
[(20, 20), (39, 7), (34, 1), (34, 1), (37, 5), (48, 2), (56, 5), (20, 21)]
[(39, 7), (20, 21), (34, 1), (34, 1), (37, 5), (48, 2), (56, 5), (20, 21)]
[(20, 21), (20, 21), (34, 1), (34, 1), (37, 5), (48, 2), (56, 5), (40, 7)]
[(20, 21), (40, 7), (34, 1), (34, 1), (37, 5), (48, 2), (56, 5), (19, 21)]
[(40, 7), (34, 1), (34, 1), (37, 5), (48, 2), (56, 5), (19, 21), (19, 21)]
[(34, 1), (34, 1), (37, 5), (48, 2), (56, 5), (19, 21), (19, 21), (41, 7)]
[(34, 1), (34, 1), (37, 5), (48, 2), (56, 5), (19, 21), (19, 21), (42, 7)]
[(34, 1), (34, 1), (37, 5), (48, 2), (56, 5), (19, 21), (19, 21), (43, 7)]
[(34, 1), (34, 1), (37, 5), (48, 2), (56, 5), (19, 21), (19, 21), (44, 7)]
[(34, 1), (34, 1), (37, 5), (48, 2), (56, 5), (19, 21), (19, 21)]
[(34, 1), (37, 5), (48, 2), (56, 5), (19, 21), (19, 21), (35, 1)]
[(37, 5), (48, 2), (56, 5), (19, 21), (19, 21), (35, 1), (35, 1)]
[(48, 2), (56, 5), (19, 21), (19, 21), (35, 1), (35, 1), (36, 5)]
[(56, 5), (19, 21), (19, 21), (35, 1), (35, 1), (36, 5), (48, 1)]
[(19, 21), (19, 21), (35, 1), (35, 1), (36, 5), (48, 1), (57, 5), (56, 4)]
[(19, 21), (35, 1), (35, 1), (57, 5), (36, 5), (48, 1), (56, 4), (18, 21)]
[(35, 1), (35, 1), (57, 5), (36, 5), (48, 1), (56, 4), (18, 21), (18, 21)]
[(35, 1), (57, 5), (36, 5), (48, 1), (56, 4), (18, 21), (18, 21), (36, 1)]
[(57, 5), (36, 1), (36, 5), (48, 1), (56, 4), (18, 21), (18, 21), (36, 1)]
[(36, 1), (36, 1), (36, 5), (48, 1), (56, 4), (18, 21), (18, 21), (58, 5)]
[(36, 1), (58, 5), (36, 5), (48, 1), (56, 4), (18, 21), (18, 21), (37, 1)]
[(58, 5), (37, 1), (36, 5), (48, 1), (56, 4), (18, 21), (18, 21), (37, 1)]
[(37, 1), (37, 1), (36, 5), (48, 1), (56, 4), (18, 21), (18, 21)]
[(37, 1), (36, 5), (48, 1), (56, 4), (18, 21), (18, 21), (38, 1)]
[(38, 1), (36, 5), (48, 1), (56, 4), (18, 21), (18, 21), (38, 1)]
[(38, 1), (36, 5), (48, 1), (56, 4), (18, 21), (18, 21), (39, 1)]
[(39, 1), (36, 5), (48, 1), (56, 4), (18, 21), (18, 21), (39, 1)]
[(39, 1), (36, 5), (48, 1), (56, 4), (18, 21), (18, 21), (40, 1)]
[(40, 1), (36, 5), (48, 1), (56, 4), (18, 21), (18, 21), (40, 1)]
[(40, 1), (36, 5), (48, 1), (56, 4), (18, 21), (18, 21), (40, 2)]
[(40, 2), (36, 5), (48, 1), (56, 4), (18, 21), (18, 21), (40, 2)]
[(40, 2), (36, 5), (48, 1), (56, 4), (18, 21), (18, 21), (40, 3)]
[(40, 3), (36, 5), (48, 1), (56, 4), (18, 21), (18, 21), (40, 3)]
[(40, 3), (36, 5), (48, 1), (56, 4), (18, 21), (18, 21), (41, 3)]
[(41, 3), (36, 5), (48, 1), (56, 4), (18, 21), (18, 21), (41, 3)]
[(41, 3), (36, 5), (48, 1), (56, 4), (18, 21), (18, 21), (42, 3)]
[(42, 3), (36, 5), (48, 1), (56, 4), (18, 21), (18, 21), (42, 3)]
[(42, 3), (36, 5), (48, 1), (56, 4), (18, 21), (18, 21), (42, 2)]
[(36, 5), (48, 1), (56, 4), (18, 21), (18, 21), (42, 2), (42, 2)]
[(48, 1), (56, 4), (18, 21), (18, 21), (42, 2), (42, 2), (36, 4)]
[(56, 4), (18, 21), (18, 21), (42, 2), (42, 2), (36, 4), (47, 1)]
[(18, 21), (18, 21), (42, 2), (42, 2), (36, 4), (47, 1), (56, 3)]
[(18, 21), (42, 2), (42, 2), (36, 4), (47, 1), (56, 3), (18, 22)]
[(42, 2), (42, 2), (18, 22), (36, 4), (47, 1), (56, 3), (18, 22)]
[(42, 2), (18, 22), (18, 22), (36, 4), (47, 1), (56, 3), (42, 1)]
[(18, 22), (18, 22), (36, 4), (47, 1), (56, 3), (42, 1), (42, 1)]
[(18, 22), (36, 4), (47, 1), (56, 3), (42, 1), (42, 1), (18, 23)]
[(18, 23), (36, 4), (47, 1), (56, 3), (42, 1), (42, 1), (18, 23)]
[(18, 23), (36, 4), (47, 1), (56, 3), (42, 1), (42, 1), (19, 23)]
[(19, 23), (36, 4), (47, 1), (56, 3), (42, 1), (42, 1), (19, 23)]
[(19, 23), (36, 4), (47, 1), (56, 3), (42, 1), (42, 1), (20, 23)]
[(20, 23), (36, 4), (47, 1), (56, 3), (42, 1), (42, 1), (20, 23)]
[(20, 23), (36, 4), (47, 1), (56, 3), (42, 1), (42, 1), (20, 24)]
[(20, 24), (36, 4), (47, 1), (56, 3), (42, 1), (42, 1), (20, 24)]
[(20, 24), (36, 4), (47, 1), (56, 3), (42, 1), (42, 1), (20, 25)]
[(20, 25), (36, 4), (47, 1), (56, 3), (42, 1), (42, 1), (20, 25)]
[(20, 25), (36, 4), (47, 1), (56, 3), (42, 1), (42, 1), (19, 25)]
[(36, 4), (47, 1), (56, 3), (42, 1), (42, 1), (19, 25), (19, 25)]
[(47, 1), (56, 3), (42, 1), (42, 1), (19, 25), (19, 25), (36, 3)]
[(56, 3), (42, 1), (42, 1), (19, 25), (19, 25), (36, 3), (46, 1)]
[(42, 1), (42, 1), (19, 25), (19, 25), (36, 3), (46, 1), (57, 3)]
[(42, 1), (19, 25), (19, 25), (57, 3), (36, 3), (46, 1), (43, 1)]
[(19, 25), (19, 25), (57, 3), (43, 1), (36, 3), (46, 1), (43, 1)]
[(19, 25), (57, 3), (43, 1), (43, 1), (36, 3), (46, 1), (18, 25)]
[(57, 3), (43, 1), (43, 1), (36, 3), (46, 1), (18, 25), (18, 25)]
[(43, 1), (43, 1), (36, 3), (46, 1), (18, 25), (18, 25), (58, 3)]
[(43, 1), (58, 3), (36, 3), (46, 1), (18, 25), (18, 25), (44, 1)]
[(58, 3), (44, 1), (36, 3), (46, 1), (18, 25), (18, 25), (44, 1)]
[(44, 1), (44, 1), (36, 3), (46, 1), (18, 25), (18, 25), (59, 3)]
[(44, 1), (59, 3), (36, 3), (46, 1), (18, 25), (18, 25), (44, 2)]
[(59, 3), (44, 2), (36, 3), (46, 1), (18, 25), (18, 25), (44, 2)]
[(44, 2), (44, 2), (36, 3), (46, 1), (18, 25), (18, 25), (60, 3)]
[(44, 2), (60, 3), (36, 3), (46, 1), (18, 25), (18, 25), (44, 3)]
[(60, 3), (44, 3), (36, 3), (46, 1), (18, 25), (18, 25), (44, 3)]
[(44, 3), (44, 3), (36, 3), (46, 1), (18, 25), (18, 25), (60, 4)]
[(44, 3), (60, 4), (36, 3), (46, 1), (18, 25), (18, 25), (45, 3)]
[(60, 4), (45, 3), (36, 3), (46, 1), (18, 25), (18, 25), (45, 3)]
[(45, 3), (45, 3), (36, 3), (46, 1), (18, 25), (18, 25), (60, 5)]
[(45, 3), (60, 5), (36, 3), (46, 1), (18, 25), (18, 25), (46, 3)]
[(60, 5), (46, 3), (36, 3), (46, 1), (18, 25), (18, 25), (46, 3)]
[(46, 3), (46, 3), (36, 3), (46, 1), (18, 25), (18, 25), (61, 5)]
[(46, 3), (61, 5), (36, 3), (46, 1), (18, 25), (18, 25), (46, 2)]
[(61, 5), (36, 3), (46, 1), (18, 25), (18, 25), (46, 2), (46, 2)]
[(36, 3), (46, 1), (18, 25), (18, 25), (46, 2), (46, 2), (62, 5)]
[(36, 3), (46, 1), (18, 25), (18, 25), (46, 2), (46, 2), (62, 4)]
[(46, 1), (18, 25), (18, 25), (46, 2), (46, 2), (62, 4), (37, 3)]
[(18, 25), (18, 25), (46, 2), (46, 2), (62, 4), (37, 3), (46, 2)]
[(18, 25), (46, 2), (46, 2), (62, 4), (37, 3), (46, 2), (17, 25)]
[(46, 2), (46, 2), (62, 4), (37, 3), (46, 2), (17, 25), (17, 25)]
[(46, 2), (62, 4), (37, 3), (46, 2), (17, 25), (17, 25)]
[(62, 4), (37, 3), (46, 2), (17, 25), (17, 25)]
[(37, 3), (46, 2), (17, 25), (17, 25), (62, 3)]
[(46, 2), (17, 25), (17, 25), (62, 3), (38, 3)]
[(38, 3), (17, 25), (17, 25), (62, 3)]
[(17, 25), (17, 25), (62, 3)]
[(17, 25), (62, 3), (16, 25)]
[(62, 3), (16, 25), (16, 25)]
[(16, 25), (16, 25), (63, 3)]
[(16, 25), (63, 3), (16, 24)]
[(63, 3), (16, 24), (16, 24)]
[(16, 24), (16, 24), (64, 3)]
[(16, 24), (64, 3), (16, 23)]
[(64, 3), (16, 23), (16, 23)]
[(16, 23), (16, 23), (64, 4)]
[(16, 23), (16, 23), (64, 5)]
[(16, 23), (16, 23), (64, 6)]
[(16, 23), (16, 23), (64, 7)]
[(16, 23), (16, 23), (64, 8), (63, 7)]
[(63, 7), (16, 23), (16, 23), (64, 9)]
[(64, 9), (16, 23), (16, 23), (62, 7)]
[(62, 7), (16, 23), (16, 23)]
[(16, 23), (16, 23), (62, 8)]
[(16, 23), (16, 23), (62, 9)]
[(16, 23), (16, 23), (62, 10)]
[(16, 23), (16, 23), (62, 11)]
[(16, 23), (16, 23), (63, 11)]
[(16, 23), (63, 11), (16, 22)]
[(63, 11), (16, 22), (16, 22)]
[(16, 22), (16, 22), (64, 11)]
[(16, 22), (64, 11), (16, 21)]
[(64, 11), (16, 21), (16, 21)]
[(16, 21), (16, 21), (64, 12)]
[(16, 21), (16, 21), (64, 13)]
[(16, 21), (16, 21), (64, 14)]
[(16, 21), (16, 21), (64, 15)]
[(16, 21), (16, 21), (64, 16)]
[(16, 21), (16, 21), (64, 17)]
[(16, 21), (16, 21), (64, 18)]
[(16, 21), (16, 21), (64, 19)]
[(16, 21), (16, 21), (64, 20), (63, 19)]
[(63, 19), (16, 21), (16, 21), (64, 21)]
[(64, 21), (16, 21), (16, 21), (62, 19)]
[(62, 19), (16, 21), (16, 21), (64, 22)]
[(64, 22), (16, 21), (16, 21), (62, 20)]
[(62, 20), (16, 21), (16, 21), (64, 23)]
[(64, 23), (16, 21), (16, 21), (62, 21)]
[(62, 21), (16, 21), (16, 21), (63, 23)]
[(63, 23), (16, 21), (16, 21), (61, 21)]
[(16, 21), (16, 21), (61, 21), (62, 23)]
[(16, 21), (16, 21), (61, 21), (61, 23)]
[(16, 21), (61, 21), (61, 23), (16, 20)]
[(61, 21), (61, 23), (16, 20), (16, 20)]
[(61, 23), (16, 20), (16, 20), (60, 21)]
[(16, 20), (16, 20), (60, 21), (60, 23)]
[(16, 20), (60, 21), (60, 23), (16, 19)]
[(60, 21), (60, 23), (16, 19), (16, 19)]
[(60, 23), (16, 19), (16, 19), (60, 20)]
[(16, 19), (16, 19), (60, 20), (60, 24)]
[(16, 19), (16, 19), (60, 20), (60, 25)]
[(16, 19), (16, 19), (60, 20), (61, 25)]
[(16, 19), (16, 19), (60, 20), (62, 25)]
[(16, 19), (16, 19), (60, 20), (62, 26)]
[(16, 19), (16, 19), (60, 20), (62, 27)]
[(16, 19), (16, 19), (60, 20), (61, 27)]
[(16, 19), (60, 20), (61, 27), (17, 19), (15, 19)]
[(60, 20), (61, 27), (17, 19), (15, 19), (17, 19), (15, 19)]
[(61, 27), (17, 19), (17, 19), (15, 19), (15, 19), (60, 19)]
[(17, 19), (17, 19), (15, 19), (15, 19), (60, 19), (60, 27)]
[(17, 19), (15, 19), (15, 19), (60, 19), (60, 27), (18, 19)]
[(18, 19), (15, 19), (15, 19), (60, 19), (60, 27), (18, 19)]
[(18, 19), (15, 19), (15, 19), (60, 19), (60, 27), (18, 18)]
[(15, 19), (15, 19), (60, 19), (60, 27), (18, 18), (18, 18)]
[(15, 19), (60, 19), (60, 27), (18, 18), (18, 18), (14, 19)]
[(60, 19), (60, 27), (18, 18), (18, 18), (14, 19), (14, 19)]
[(60, 27), (18, 18), (18, 18), (14, 19), (14, 19), (59, 19)]
[(18, 18), (18, 18), (14, 19), (14, 19), (59, 19), (60, 28)]
[(18, 18), (60, 28), (14, 19), (14, 19), (59, 19), (18, 17)]
[(60, 28), (14, 19), (14, 19), (59, 19), (18, 17), (18, 17)]
[(14, 19), (14, 19), (59, 19), (18, 17), (18, 17), (60, 29)]
[(14, 19), (14, 19), (59, 19), (18, 17), (18, 17), (60, 30)]
[(14, 19), (14, 19), (59, 19), (18, 17), (18, 17), (60, 31)]
[(14, 19), (14, 19), (59, 19), (18, 17), (18, 17), (60, 32)]
[(14, 19), (14, 19), (59, 19), (18, 17), (18, 17), (60, 33)]
[(14, 19), (59, 19), (18, 17), (18, 17), (60, 33), (14, 20)]
[(59, 19), (18, 17), (18, 17), (60, 33), (14, 20), (14, 20)]
[(18, 17), (18, 17), (60, 33), (14, 20), (14, 20), (58, 19)]
[(18, 17), (60, 33), (14, 20), (14, 20), (58, 19)]
[(60, 33), (14, 20), (14, 20), (58, 19)]
[(14, 20), (14, 20), (58, 19), (60, 34)]
[(14, 20), (58, 19), (60, 34), (14, 21)]
[(14, 21), (58, 19), (60, 34), (14, 21)]
[(14, 21), (58, 19), (60, 34), (14, 22)]
[(14, 22), (58, 19), (60, 34), (14, 22)]
[(14, 22), (58, 19), (60, 34), (14, 23)]
[(14, 23), (58, 19), (60, 34), (14, 23)]
[(14, 23), (58, 19), (60, 34), (13, 23)]
[(58, 19), (60, 34), (13, 23), (13, 23)]
[(60, 34), (13, 23), (13, 23), (58, 18)]
[(13, 23), (13, 23), (58, 18), (60, 35)]
[(13, 23), (58, 18), (60, 35), (12, 23)]
[(58, 18), (60, 35), (12, 23), (12, 23)]
[(60, 35), (12, 23), (12, 23), (58, 17)]
[(12, 23), (12, 23), (58, 17), (61, 35), (59, 35)]
[(12, 23), (61, 35), (58, 17), (59, 35), (11, 23)]
[(61, 35), (58, 17), (59, 35), (11, 23), (11, 23)]
[(58, 17), (59, 35), (11, 23), (11, 23), (62, 35)]
[(58, 17), (59, 35), (11, 23), (11, 23), (63, 35), (62, 34)]
[(58, 17), (59, 35), (11, 23), (11, 23), (63, 35), (62, 33)]
[(58, 17), (59, 35), (11, 23), (11, 23), (63, 35), (62, 32)]
