[(76, (7, 4)), (78, (6, 3))]
[(76, (8, 4)), (78, (6, 3))]
[(76, (8, 5)), (78, (6, 3)), (76, (9, 4))]
[(76, (8, 6)), (78, (6, 3)), (76, (9, 4))]
[(76, (8, 7)), (78, (6, 3)), (76, (9, 4))]
[(76, (8, 8)), (78, (6, 3)), (76, (9, 4))]
[(76, (9, 4)), (78, (6, 3)), (76, (9, 8))]
[(76, (9, 8)), (78, (6, 3)), (76, (10, 4))]
[(76, (10, 4)), (78, (6, 3)), (76, (10, 8))]
[(76, (10, 5)), (78, (6, 3)), (76, (10, 8))]
[(76, (10, 6)), (78, (6, 3)), (76, (10, 8))]
[(76, (10, 8)), (78, (6, 3)), (76, (11, 6))]
[(76, (11, 6)), (78, (6, 3))]
[(76, (12, 6)), (78, (6, 3))]
[(76, (12, 7)), (78, (6, 3)), (76, (13, 6))]
[(76, (12, 8)), (78, (6, 3)), (76, (13, 6))]
[(76, (12, 9)), (78, (6, 3)), (76, (13, 6))]
[(76, (12, 10)), (76, (13, 9)), (76, (13, 6)), (78, (6, 3))]
[(76, (13, 6)), (76, (13, 9)), (78, (6, 3)), (78, (11, 10))]
[(76, (13, 9)), (76, (14, 6)), (78, (6, 3)), (78, (11, 10))]
[(76, (14, 6)), (76, (14, 9)), (78, (6, 3)), (78, (11, 10))]
[(76, (14, 9)), (76, (15, 6)), (78, (6, 3)), (78, (11, 10))]
[(76, (14, 10)), (76, (15, 6)), (78, (6, 3)), (78, (11, 10)), (78, (14, 8))]
[(76, (15, 6)), (76, (15, 10)), (78, (6, 3)), (78, (14, 8)), (78, (11, 10))]
[(76, (15, 10)), (76, (16, 6)), (78, (6, 3)), (78, (14, 8)), (78, (11, 10))]
[(76, (16, 6)), (76, (16, 10)), (78, (6, 3)), (78, (14, 8)), (78, (11, 10))]
[(76, (16, 10)), (76, (17, 6)), (78, (6, 3)), (78, (14, 8)), (78, (11, 10))]
[(76, (17, 6)), (78, (11, 10)), (78, (6, 3)), (78, (14, 8)), (78, (16, 9))]
[(76, (18, 6)), (78, (6, 3)), (78, (16, 9)), (78, (14, 8)), (78, (11, 10))]
[(76, (18, 7)), (78, (6, 3)), (78, (16, 9)), (78, (14, 8)), (78, (11, 10)), (78, (18, 5))]
[(76, (18, 8)), (78, (11, 10)), (78, (6, 3)), (78, (14, 8)), (78, (18, 5)), (78, (16, 9))]
[(76, (18, 9)), (78, (11, 10)), (76, (19, 8)), (78, (14, 8)), (78, (18, 5)), (78, (16, 9)), (78, (6, 3)), (78, (17, 8))]
[(76, (18, 10)), (76, (19, 8)), (78, (6, 3)), (78, (11, 10)), (78, (18, 5)), (78, (16, 9)), (78, (17, 8)), (78, (14, 8))]
[(76, (18, 11)), (76, (19, 8)), (78, (6, 3)), (78, (11, 10)), (78, (18, 5)), (78, (16, 9)), (78, (17, 8)), (78, (14, 8))]
[(76, (18, 12)), (76, (19, 8)), (78, (6, 3)), (78, (11, 10)), (78, (18, 5)), (78, (16, 9)), (78, (17, 8)), (78, (14, 8))]
[(76, (19, 8)), (78, (11, 10)), (78, (6, 3)), (78, (14, 8)), (78, (18, 5)), (78, (16, 9)), (78, (17, 8)), (78, (17, 12))]
[(76, (20, 8)), (78, (6, 3)), (78, (16, 9)), (78, (11, 10)), (78, (18, 5)), (78, (17, 12)), (78, (17, 8)), (78, (14, 8))]
[(78, (6, 3)), (78, (11, 10)), (78, (16, 9)), (78, (14, 8)), (78, (18, 5)), (78, (17, 12)), (78, (17, 8))]
[(78, (11, 10)), (78, (14, 8)), (78, (16, 9)), (78, (17, 8)), (78, (18, 5)), (78, (17, 12)), (80, (6, 2))]
[(78, (14, 8)), (78, (17, 8)), (78, (16, 9)), (80, (6, 2)), (78, (18, 5)), (78, (17, 12)), (80, (10, 10))]
[(78, (16, 9)), (78, (17, 8)), (78, (17, 12)), (80, (6, 2)), (78, (18, 5)), (80, (10, 10))]
[(78, (17, 8)), (78, (18, 5)), (78, (17, 12)), (80, (6, 2)), (80, (10, 10)), (80, (16, 8))]
[(78, (17, 12)), (78, (18, 5)), (80, (16, 8)), (80, (6, 2)), (80, (10, 10))]
[(78, (18, 5)), (80, (6, 2)), (80, (16, 8)), (80, (10, 10)), (80, (16, 12))]
[(80, (6, 2)), (80, (10, 10)), (80, (16, 8)), (80, (16, 12)), (80, (18, 4))]
[(80, (7, 2)), (80, (10, 10)), (80, (16, 8)), (80, (18, 4)), (80, (16, 12)), (82, (6, 1))]
[(80, (8, 2)), (80, (16, 12)), (80, (10, 10)), (80, (18, 4)), (82, (6, 1)), (80, (16, 8))]
[(80, (9, 2)), (80, (16, 12)), (80, (10, 10)), (80, (18, 4)), (82, (6, 1)), (80, (16, 8))]
[(80, (10, 2)), (80, (16, 12)), (80, (10, 10)), (80, (18, 4)), (82, (6, 1)), (80, (16, 8))]
[(80, (10, 10)), (80, (16, 12)), (80, (11, 2)), (80, (18, 4)), (82, (6, 1)), (80, (16, 8))]
[(80, (10, 11)), (80, (16, 12)), (80, (11, 2)), (80, (18, 4)), (82, (6, 1)), (80, (16, 8))]
[(80, (10, 12)), (80, (16, 12)), (80, (11, 2)), (80, (18, 4)), (82, (6, 1)), (80, (16, 8))]
[(80, (11, 2)), (80, (16, 12)), (80, (16, 8)), (80, (18, 4)), (82, (6, 1)), (82, (9, 12))]
[(80, (12, 2)), (80, (16, 12)), (80, (16, 8)), (80, (18, 4)), (82, (6, 1)), (82, (9, 12))]
[(80, (12, 3)), (80, (16, 12)), (80, (16, 8)), (80, (18, 4)), (82, (6, 1)), (82, (9, 12))]
[(80, (12, 4)), (80, (16, 12)), (80, (16, 8)), (80, (18, 4)), (82, (6, 1)), (82, (9, 12))]
[(80, (13, 4)), (80, (16, 12)), (80, (16, 8)), (80, (18, 4)), (82, (6, 1)), (82, (9, 12))]
[(80, (14, 4)), (80, (16, 12)), (80, (16, 8)), (80, (18, 4)), (82, (6, 1)), (82, (9, 12))]
[(80, (16, 8)), (80, (16, 12)), (82, (9, 12)), (80, (18, 4)), (82, (6, 1)), (82, (14, 3))]
[(80, (16, 12)), (80, (18, 4)), (82, (9, 12)), (82, (14, 3)), (82, (6, 1))]
[(80, (18, 4)), (82, (6, 1)), (82, (9, 12)), (82, (14, 3)), (82, (15, 12))]
[(82, (6, 1)), (82, (14, 3)), (82, (9, 12)), (82, (15, 12)), (82, (17, 4))]
[(82, (9, 12)), (82, (14, 3)), (82, (17, 4)), (82, (15, 12)), (84, (6, 0))]
[(82, (14, 3)), (82, (15, 12)), (82, (17, 4)), (84, (6, 0)), (84, (8, 12))]
[(82, (15, 12)), (84, (6, 0)), (82, (17, 4)), (84, (8, 12)), (84, (14, 2))]
[(82, (17, 4)), (84, (6, 0)), (84, (14, 2)), (84, (8, 12)), (84, (14, 12))]
[(84, (6, 0)), (84, (8, 12)), (84, (14, 2)), (84, (14, 12)), (84, (16, 4))]
[(84, (7, 0)), (84, (8, 12)), (84, (14, 2)), (84, (16, 4)), (84, (14, 12)), (86, (5, 0))]
[(84, (8, 0)), (84, (14, 12)), (84, (8, 12)), (84, (16, 4)), (86, (5, 0)), (84, (14, 2))]
[(84, (8, 12)), (84, (14, 12)), (84, (9, 0)), (84, (16, 4)), (86, (5, 0)), (84, (14, 2))]
[(84, (9, 0)), (84, (14, 12)), (84, (14, 2)), (84, (16, 4)), (86, (5, 0)), (86, (8, 11))]
[(84, (10, 0)), (84, (14, 12)), (84, (14, 2)), (84, (16, 4)), (86, (5, 0)), (86, (8, 11))]
[(84, (11, 0)), (84, (14, 12)), (84, (14, 2)), (84, (16, 4)), (86, (5, 0)), (86, (8, 11))]
[(84, (12, 0)), (84, (14, 12)), (84, (14, 2)), (84, (16, 4)), (86, (5, 0)), (86, (8, 11))]
[(84, (13, 0)), (84, (14, 12)), (84, (14, 2)), (84, (16, 4)), (86, (5, 0)), (86, (8, 11))]
[(84, (14, 0)), (84, (14, 12)), (84, (14, 2)), (84, (16, 4)), (86, (5, 0)), (86, (8, 11))]
[(84, (14, 1)), (84, (14, 12)), (84, (14, 2)), (84, (16, 4)), (86, (5, 0)), (86, (8, 11))]
[(84, (14, 2)), (84, (14, 12)), (86, (8, 11)), (84, (16, 4)), (86, (5, 0))]
[(84, (14, 12)), (84, (16, 4)), (86, (8, 11)), (86, (5, 0))]
[(84, (14, 13)), (84, (16, 4)), (86, (8, 11)), (86, (5, 0)), (86, (13, 12))]
[(84, (14, 14)), (84, (16, 4)), (86, (8, 11)), (86, (13, 12)), (86, (5, 0))]
[(84, (16, 4)), (86, (5, 0)), (86, (8, 11)), (86, (13, 12)), (86, (13, 14))]
[(86, (5, 0)), (86, (13, 12)), (86, (8, 11)), (86, (13, 14)), (86, (16, 3))]
[(86, (8, 11)), (86, (13, 12)), (86, (16, 3)), (86, (13, 14)), (88, (4, 0))]
[(86, (13, 12)), (86, (13, 14)), (86, (16, 3)), (88, (4, 0)), (88, (8, 10))]
[(86, (13, 14)), (88, (4, 0)), (86, (16, 3)), (88, (8, 10)), (88, (12, 12))]
[(86, (13, 15)), (86, (16, 3)), (88, (12, 12)), (88, (8, 10)), (88, (4, 0)), (88, (12, 14))]
[(86, (13, 16)), (88, (4, 0)), (86, (16, 3)), (88, (8, 10)), (88, (12, 14)), (88, (12, 12)), (88, (12, 15))]
[(86, (14, 16)), (88, (4, 0)), (86, (16, 3)), (88, (8, 10)), (88, (12, 14)), (88, (12, 15)), (88, (12, 12)), (88, (12, 16))]
[(86, (15, 16)), (86, (16, 3)), (88, (12, 12)), (88, (4, 0)), (88, (12, 14)), (88, (12, 15)), (88, (12, 16)), (88, (8, 10))]
[(86, (16, 3)), (86, (16, 16)), (88, (12, 12)), (88, (4, 0)), (88, (12, 14)), (88, (12, 15)), (88, (12, 16)), (88, (8, 10))]
[(86, (16, 16)), (88, (4, 0)), (88, (12, 12)), (88, (8, 10)), (88, (12, 14)), (88, (12, 15)), (88, (12, 16)), (88, (16, 2))]
[(88, (4, 0)), (88, (8, 10)), (88, (12, 12)), (88, (16, 2)), (88, (12, 14)), (88, (12, 15)), (88, (12, 16)), (88, (16, 15))]
[(88, (4, 1)), (88, (8, 10)), (88, (12, 12)), (88, (12, 14)), (88, (16, 15)), (88, (12, 15)), (88, (12, 16)), (88, (16, 2))]
[(88, (4, 2)), (88, (8, 10)), (88, (12, 12)), (88, (12, 14)), (88, (16, 15)), (88, (12, 15)), (88, (12, 16)), (88, (16, 2))]
[(88, (4, 3)), (88, (8, 10)), (88, (12, 12)), (88, (12, 14)), (88, (16, 15)), (88, (12, 15)), (88, (12, 16)), (88, (16, 2))]
[(88, (4, 4)), (88, (8, 10)), (88, (12, 12)), (88, (12, 14)), (88, (16, 15)), (88, (12, 15)), (88, (12, 16)), (88, (16, 2))]
[(88, (4, 5)), (88, (8, 10)), (88, (12, 12)), (88, (12, 14)), (88, (16, 15)), (88, (12, 15)), (88, (12, 16)), (88, (16, 2))]
[(88, (4, 6)), (88, (8, 10)), (88, (12, 12)), (88, (12, 14)), (88, (16, 15)), (88, (12, 15)), (88, (12, 16)), (88, (16, 2))]
[(88, (5, 6)), (88, (8, 10)), (88, (12, 12)), (88, (12, 14)), (88, (16, 15)), (88, (12, 15)), (88, (12, 16)), (88, (16, 2))]
[(88, (6, 6)), (88, (8, 10)), (88, (12, 12)), (88, (12, 14)), (88, (16, 15)), (88, (12, 15)), (88, (12, 16)), (88, (16, 2))]
[(88, (6, 7)), (88, (8, 10)), (88, (12, 12)), (88, (12, 14)), (88, (16, 15)), (88, (12, 15)), (88, (12, 16)), (88, (16, 2))]
[(88, (6, 8)), (88, (8, 10)), (88, (12, 12)), (88, (12, 14)), (88, (16, 15)), (88, (12, 15)), (88, (12, 16)), (88, (16, 2))]
[(88, (8, 10)), (88, (12, 14)), (88, (12, 12)), (88, (16, 2)), (88, (16, 15)), (88, (12, 15)), (88, (12, 16)), (90, (5, 8))]
[(88, (12, 12)), (88, (12, 14)), (88, (12, 15)), (88, (16, 2)), (88, (16, 15)), (90, (5, 8)), (88, (12, 16)), (90, (7, 10))]
[(88, (12, 14)), (88, (16, 2)), (88, (12, 15)), (90, (7, 10)), (88, (16, 15)), (90, (5, 8)), (88, (12, 16))]
[(88, (12, 15)), (88, (16, 2)), (88, (12, 16)), (90, (7, 10)), (88, (16, 15)), (90, (5, 8)), (90, (11, 14))]
[(88, (12, 16)), (88, (16, 2)), (90, (5, 8)), (90, (7, 10)), (88, (16, 15)), (90, (11, 14))]
[(88, (16, 2)), (88, (16, 15)), (90, (5, 8)), (90, (7, 10)), (90, (11, 14))]
[(88, (16, 15)), (90, (7, 10)), (90, (5, 8)), (90, (11, 14)), (90, (16, 1))]
[(90, (5, 8)), (90, (7, 10)), (90, (16, 1)), (90, (11, 14)), (90, (16, 14))]
[(90, (7, 10)), (90, (11, 14)), (90, (16, 1)), (90, (16, 14)), (92, (4, 8))]
[(90, (11, 14)), (90, (16, 14)), (90, (16, 1)), (92, (4, 8)), (92, (6, 10))]
[(90, (16, 1)), (90, (16, 14)), (92, (6, 10)), (92, (4, 8)), (92, (10, 14))]
[(90, (16, 14)), (92, (4, 8)), (92, (6, 10)), (92, (10, 14)), (92, (16, 0))]
[(90, (17, 14)), (92, (4, 8)), (92, (6, 10)), (92, (16, 0)), (92, (10, 14))]
[(90, (18, 14)), (92, (4, 8)), (92, (6, 10)), (92, (16, 0)), (92, (10, 14))]
[(90, (19, 14)), (92, (4, 8)), (92, (6, 10)), (92, (16, 0)), (92, (10, 14))]
[(90, (20, 14)), (92, (4, 8)), (92, (6, 10)), (92, (16, 0)), (92, (10, 14))]
[(90, (20, 15)), (92, (4, 8)), (90, (21, 14)), (92, (16, 0)), (92, (10, 14)), (92, (6, 10))]
[(90, (20, 16)), (92, (4, 8)), (90, (21, 14)), (92, (16, 0)), (92, (10, 14)), (92, (6, 10))]
[(90, (20, 17)), (92, (4, 8)), (90, (21, 14)), (92, (16, 0)), (92, (10, 14)), (92, (6, 10)), (92, (19, 16))]
[(90, (20, 18)), (92, (4, 8)), (90, (21, 14)), (92, (16, 0)), (92, (10, 14)), (92, (19, 16)), (92, (6, 10))]
[(90, (20, 19)), (92, (4, 8)), (90, (21, 14)), (92, (16, 0)), (92, (10, 14)), (92, (19, 16)), (92, (6, 10))]
[(90, (20, 20)), (92, (4, 8)), (90, (21, 14)), (92, (16, 0)), (92, (10, 14)), (92, (19, 16)), (92, (6, 10))]
[(90, (21, 14)), (92, (4, 8)), (90, (21, 20)), (92, (16, 0)), (92, (10, 14)), (92, (19, 16)), (92, (6, 10))]
[(90, (21, 20)), (92, (4, 8)), (90, (22, 14)), (92, (16, 0)), (92, (10, 14)), (92, (19, 16)), (92, (6, 10))]
[(90, (22, 14)), (92, (4, 8)), (90, (22, 20)), (92, (16, 0)), (92, (10, 14)), (92, (19, 16)), (92, (6, 10))]
[(90, (22, 20)), (92, (4, 8)), (92, (6, 10)), (92, (16, 0)), (92, (10, 14)), (92, (19, 16)), (92, (22, 13))]
[(92, (4, 8)), (92, (10, 14)), (92, (6, 10)), (92, (16, 0)), (92, (22, 13)), (92, (19, 16)), (92, (22, 19))]
[(92, (4, 9)), (92, (10, 14)), (92, (6, 10)), (92, (16, 0)), (92, (22, 13)), (92, (22, 19)), (92, (19, 16)), (94, (3, 8))]
[(92, (4, 10)), (92, (6, 10)), (92, (19, 16)), (92, (10, 14)), (92, (22, 13)), (92, (22, 19)), (94, (3, 8)), (92, (16, 0)), (94, (3, 9))]
[(92, (5, 10)), (92, (6, 10)), (92, (19, 16)), (92, (10, 14)), (92, (22, 13)), (92, (22, 19)), (94, (3, 8)), (94, (3, 9)), (92, (16, 0))]
[(92, (6, 10)), (92, (10, 14)), (92, (19, 16)), (92, (16, 0)), (92, (22, 13)), (92, (22, 19)), (94, (3, 8)), (94, (3, 9))]
[(92, (6, 11)), (92, (10, 14)), (92, (19, 16)), (92, (16, 0)), (92, (22, 13)), (92, (22, 19)), (94, (3, 8)), (94, (3, 9))]
[(92, (6, 12)), (92, (10, 14)), (92, (19, 16)), (92, (16, 0)), (92, (22, 13)), (92, (22, 19)), (94, (3, 8)), (94, (3, 9))]
[(92, (10, 14)), (92, (16, 0)), (92, (19, 16)), (94, (3, 9)), (92, (22, 13)), (92, (22, 19)), (94, (3, 8)), (94, (5, 12))]
[(92, (16, 0)), (92, (22, 13)), (92, (19, 16)), (94, (3, 9)), (94, (5, 12)), (92, (22, 19)), (94, (3, 8)), (94, (9, 14))]
[(92, (17, 0)), (92, (19, 16)), (92, (22, 19)), (92, (22, 13)), (94, (5, 12)), (94, (9, 14)), (94, (3, 8)), (94, (3, 9))]
[(92, (18, 0)), (92, (19, 16)), (92, (22, 19)), (92, (22, 13)), (94, (5, 12)), (94, (9, 14)), (94, (3, 8)), (94, (3, 9))]
[(92, (19, 0)), (92, (19, 16)), (92, (22, 19)), (92, (22, 13)), (94, (5, 12)), (94, (9, 14)), (94, (3, 8)), (94, (3, 9))]
[(92, (19, 16)), (92, (20, 0)), (92, (22, 19)), (92, (22, 13)), (94, (5, 12)), (94, (9, 14)), (94, (3, 8)), (94, (3, 9))]
[(92, (20, 0)), (92, (22, 13)), (92, (22, 19)), (94, (3, 9)), (94, (5, 12)), (94, (9, 14)), (94, (3, 8)), (94, (18, 16))]
[(92, (21, 0)), (92, (22, 13)), (92, (22, 19)), (94, (3, 9)), (94, (5, 12)), (94, (9, 14)), (94, (3, 8)), (94, (18, 16))]
[(92, (22, 0)), (92, (22, 13)), (92, (22, 19)), (94, (3, 9)), (94, (5, 12)), (94, (9, 14)), (94, (3, 8)), (94, (18, 16))]
[(92, (22, 1)), (92, (22, 13)), (92, (22, 19)), (94, (3, 9)), (94, (5, 12)), (94, (9, 14)), (94, (3, 8)), (94, (18, 16))]
[(92, (22, 2)), (92, (22, 13)), (92, (22, 19)), (94, (3, 9)), (94, (5, 12)), (94, (9, 14)), (94, (3, 8)), (94, (18, 16))]
[(92, (22, 3)), (92, (22, 13)), (92, (22, 19)), (94, (3, 9)), (94, (5, 12)), (94, (9, 14)), (94, (3, 8)), (94, (18, 16))]
[(92, (22, 4)), (92, (22, 13)), (92, (22, 19)), (94, (3, 9)), (94, (5, 12)), (94, (9, 14)), (94, (3, 8)), (94, (18, 16))]
[(92, (22, 13)), (94, (3, 9)), (92, (22, 19)), (94, (18, 16)), (94, (5, 12)), (94, (9, 14)), (94, (3, 8)), (94, (21, 4))]
[(92, (22, 19)), (92, (23, 13)), (94, (3, 8)), (94, (3, 9)), (94, (5, 12)), (94, (9, 14)), (94, (21, 4)), (94, (18, 16)), (94, (22, 12))]
[(92, (23, 13)), (94, (3, 9)), (94, (3, 8)), (94, (18, 16)), (94, (5, 12)), (94, (9, 14)), (94, (21, 4)), (94, (22, 12)), (94, (22, 18))]
[(92, (24, 13)), (94, (3, 8)), (94, (9, 14)), (94, (3, 9)), (94, (5, 12)), (94, (22, 18)), (94, (21, 4)), (94, (22, 12)), (94, (18, 16))]
[(92, (24, 14)), (94, (3, 8)), (94, (9, 14)), (94, (3, 9)), (94, (5, 12)), (94, (22, 18)), (94, (21, 4)), (94, (22, 12)), (94, (18, 16)), (94, (24, 12))]
[(92, (24, 15)), (94, (3, 8)), (94, (9, 14)), (94, (18, 16)), (94, (3, 9)), (94, (22, 18)), (94, (21, 4)), (94, (22, 12)), (94, (24, 12)), (94, (5, 12))]
[(92, (24, 16)), (94, (3, 8)), (94, (9, 14)), (94, (18, 16)), (94, (3, 9)), (94, (22, 18)), (94, (21, 4)), (94, (22, 12)), (94, (24, 12)), (94, (5, 12))]
[(92, (24, 17)), (94, (3, 8)), (94, (9, 14)), (94, (18, 16)), (94, (3, 9)), (94, (22, 18)), (94, (21, 4)), (94, (22, 12)), (94, (24, 12)), (94, (5, 12)), (94, (23, 16))]
[(92, (24, 18)), (94, (3, 8)), (94, (9, 14)), (94, (18, 16)), (94, (3, 9)), (94, (22, 18)), (94, (21, 4)), (94, (22, 12)), (94, (24, 12)), (94, (23, 16)), (94, (5, 12))]
[(94, (3, 8)), (94, (3, 9)), (94, (9, 14)), (94, (18, 16)), (94, (5, 12)), (94, (22, 18)), (94, (21, 4)), (94, (22, 12)), (94, (24, 12)), (94, (23, 16)), (94, (23, 18))]
[(94, (3, 9)), (94, (5, 12)), (94, (9, 14)), (94, (18, 16)), (94, (23, 16)), (94, (22, 18)), (94, (21, 4)), (94, (22, 12)), (94, (24, 12)), (94, (23, 18)), (96, (2, 8))]
[(94, (5, 12)), (94, (18, 16)), (94, (9, 14)), (94, (22, 12)), (94, (23, 16)), (94, (22, 18)), (94, (21, 4)), (96, (2, 8)), (94, (24, 12)), (94, (23, 18))]
[(94, (9, 14)), (94, (18, 16)), (94, (21, 4)), (94, (22, 12)), (94, (23, 16)), (94, (22, 18)), (94, (23, 18)), (96, (2, 8)), (94, (24, 12)), (96, (4, 12))]
[(94, (18, 16)), (94, (22, 12)), (94, (21, 4)), (94, (24, 12)), (94, (23, 16)), (94, (22, 18)), (94, (23, 18)), (96, (2, 8)), (96, (4, 12)), (96, (8, 14))]
[(94, (18, 17)), (94, (21, 4)), (94, (22, 18)), (94, (24, 12)), (94, (22, 12)), (96, (8, 14)), (94, (23, 18)), (96, (2, 8)), (96, (4, 12)), (94, (23, 16))]
[(94, (18, 18)), (94, (21, 4)), (94, (22, 18)), (94, (24, 12)), (94, (22, 12)), (96, (8, 14)), (94, (23, 18)), (96, (2, 8)), (96, (4, 12)), (94, (23, 16))]
[(94, (18, 19)), (94, (21, 4)), (94, (22, 18)), (94, (24, 12)), (94, (22, 12)), (96, (8, 14)), (94, (23, 18)), (96, (2, 8)), (96, (4, 12)), (94, (23, 16))]
[(94, (18, 20)), (94, (21, 4)), (94, (22, 18)), (94, (24, 12)), (94, (22, 12)), (96, (8, 14)), (94, (23, 18)), (96, (2, 8)), (96, (4, 12)), (94, (23, 16))]
[(94, (18, 21)), (94, (21, 4)), (94, (22, 18)), (94, (24, 12)), (94, (22, 12)), (96, (8, 14)), (94, (23, 18)), (96, (2, 8)), (96, (4, 12)), (94, (23, 16))]
[(94, (18, 22)), (94, (21, 4)), (94, (22, 18)), (94, (24, 12)), (94, (22, 12)), (96, (8, 14)), (94, (23, 18)), (96, (2, 8)), (96, (4, 12)), (94, (23, 16))]
[(94, (18, 23)), (94, (19, 22)), (94, (22, 18)), (94, (24, 12)), (94, (21, 4)), (96, (8, 14)), (94, (23, 18)), (96, (2, 8)), (96, (4, 12)), (94, (23, 16)), (94, (22, 12))]
[(94, (18, 24)), (94, (19, 22)), (94, (22, 18)), (94, (24, 12)), (94, (21, 4)), (96, (8, 14)), (94, (23, 18)), (96, (2, 8)), (96, (4, 12)), (94, (23, 16)), (94, (22, 12))]
[(94, (18, 25)), (94, (19, 22)), (94, (22, 18)), (94, (24, 12)), (94, (21, 4)), (96, (8, 14)), (94, (23, 18)), (96, (2, 8)), (96, (4, 12)), (94, (23, 16)), (94, (22, 12))]
[(94, (19, 22)), (94, (21, 4)), (94, (22, 18)), (94, (24, 12)), (94, (22, 12)), (96, (8, 14)), (94, (23, 18)), (96, (2, 8)), (96, (4, 12)), (94, (23, 16)), (96, (18, 26))]
[(94, (20, 22)), (94, (21, 4)), (94, (22, 18)), (94, (24, 12)), (94, (22, 12)), (96, (8, 14)), (94, (23, 18)), (96, (2, 8)), (96, (4, 12)), (96, (18, 26)), (94, (23, 16))]
[(94, (20, 23)), (94, (21, 4)), (94, (22, 18)), (94, (24, 12)), (94, (22, 12)), (96, (8, 14)), (94, (23, 18)), (96, (2, 8)), (96, (4, 12)), (96, (18, 26)), (94, (23, 16))]
[(94, (20, 24)), (94, (21, 4)), (94, (22, 18)), (94, (24, 12)), (94, (22, 12)), (96, (8, 14)), (94, (23, 18)), (96, (2, 8)), (96, (4, 12)), (96, (18, 26)), (94, (23, 16))]
[(94, (20, 25)), (94, (21, 4)), (94, (22, 18)), (94, (24, 12)), (94, (22, 12)), (96, (8, 14)), (94, (23, 18)), (96, (2, 8)), (96, (4, 12)), (96, (18, 26)), (94, (23, 16))]
[(94, (21, 4)), (94, (22, 12)), (94, (22, 18)), (94, (24, 12)), (94, (23, 16)), (96, (8, 14)), (94, (23, 18)), (96, (2, 8)), (96, (4, 12)), (96, (18, 26)), (96, (20, 26))]
[(94, (22, 12)), (94, (23, 16)), (94, (22, 18)), (94, (24, 12)), (96, (18, 26)), (96, (8, 14)), (94, (23, 18)), (96, (2, 8)), (96, (4, 12)), (96, (20, 26)), (96, (20, 4))]
[(94, (22, 18)), (94, (23, 16)), (94, (23, 18)), (94, (24, 12)), (96, (18, 26)), (96, (8, 14)), (96, (20, 4)), (96, (2, 8)), (96, (4, 12)), (96, (20, 26)), (96, (21, 12))]
[(94, (23, 16)), (94, (24, 12)), (94, (23, 18)), (96, (2, 8)), (96, (18, 26)), (96, (8, 14)), (96, (20, 4)), (96, (21, 12)), (96, (4, 12)), (96, (20, 26))]
[(94, (23, 18)), (94, (24, 12)), (96, (8, 14)), (96, (2, 8)), (96, (18, 26)), (96, (20, 26)), (96, (20, 4)), (96, (21, 12)), (96, (4, 12)), (96, (22, 16))]
[(94, (24, 12)), (96, (2, 8)), (96, (8, 14)), (96, (4, 12)), (96, (18, 26)), (96, (20, 26)), (96, (20, 4)), (96, (21, 12)), (96, (22, 16))]
[(96, (2, 8)), (96, (4, 12)), (96, (8, 14)), (96, (21, 12)), (96, (18, 26)), (96, (20, 26)), (96, (20, 4)), (96, (22, 16)), (96, (24, 11))]
[(96, (4, 12)), (96, (18, 26)), (96, (8, 14)), (96, (21, 12)), (96, (24, 11)), (96, (20, 26)), (96, (20, 4)), (96, (22, 16)), (98, (1, 8))]
[(96, (8, 14)), (96, (18, 26)), (96, (20, 4)), (96, (21, 12)), (96, (24, 11)), (96, (20, 26)), (98, (1, 8)), (96, (22, 16)), (98, (3, 12))]
[(96, (8, 15)), (96, (18, 26)), (96, (20, 4)), (96, (21, 12)), (96, (24, 11)), (96, (20, 26)), (98, (1, 8)), (98, (3, 12)), (96, (22, 16))]
[(96, (8, 16)), (96, (18, 26)), (96, (20, 4)), (96, (21, 12)), (96, (24, 11)), (96, (20, 26)), (98, (1, 8)), (98, (3, 12)), (96, (22, 16))]
[(96, (9, 16)), (96, (18, 26)), (96, (20, 4)), (96, (21, 12)), (96, (24, 11)), (96, (20, 26)), (98, (1, 8)), (98, (3, 12)), (96, (22, 16))]
[(96, (10, 16)), (96, (18, 26)), (96, (20, 4)), (96, (21, 12)), (96, (24, 11)), (96, (20, 26)), (98, (1, 8)), (98, (3, 12)), (96, (22, 16))]
[(96, (10, 17)), (96, (18, 26)), (96, (20, 4)), (96, (21, 12)), (96, (24, 11)), (96, (20, 26)), (98, (1, 8)), (98, (3, 12)), (96, (22, 16))]
[(96, (10, 18)), (96, (18, 26)), (96, (20, 4)), (96, (21, 12)), (96, (24, 11)), (96, (20, 26)), (98, (1, 8)), (98, (3, 12)), (96, (22, 16))]
[(96, (11, 18)), (96, (18, 26)), (96, (20, 4)), (96, (21, 12)), (96, (24, 11)), (96, (20, 26)), (98, (1, 8)), (98, (3, 12)), (96, (22, 16))]
[(96, (12, 18)), (96, (18, 26)), (96, (20, 4)), (96, (21, 12)), (96, (24, 11)), (96, (20, 26)), (98, (1, 8)), (98, (3, 12)), (96, (22, 16))]
[(96, (13, 18)), (96, (18, 26)), (96, (20, 4)), (96, (21, 12)), (96, (24, 11)), (96, (20, 26)), (98, (1, 8)), (98, (3, 12)), (96, (22, 16))]
[(96, (14, 18)), (96, (18, 26)), (96, (20, 4)), (96, (21, 12)), (96, (24, 11)), (96, (20, 26)), (98, (1, 8)), (98, (3, 12)), (96, (22, 16))]
[(96, (15, 18)), (96, (18, 26)), (96, (20, 4)), (96, (21, 12)), (96, (24, 11)), (96, (20, 26)), (98, (1, 8)), (98, (3, 12)), (96, (22, 16))]
[(96, (16, 18)), (96, (18, 26)), (96, (20, 4)), (96, (21, 12)), (96, (24, 11)), (96, (20, 26)), (98, (1, 8)), (98, (3, 12)), (96, (22, 16))]
[(96, (16, 19)), (96, (18, 26)), (96, (20, 4)), (96, (21, 12)), (96, (24, 11)), (96, (20, 26)), (98, (1, 8)), (98, (3, 12)), (96, (22, 16))]
[(96, (16, 20)), (96, (18, 26)), (96, (20, 4)), (96, (21, 12)), (96, (24, 11)), (96, (20, 26)), (98, (1, 8)), (98, (3, 12)), (96, (22, 16))]
[(96, (18, 26)), (96, (21, 12)), (96, (20, 4)), (96, (22, 16)), (96, (24, 11)), (96, (20, 26)), (98, (1, 8)), (98, (3, 12)), (98, (15, 20))]
[(96, (20, 4)), (96, (21, 12)), (96, (20, 26)), (96, (22, 16)), (96, (24, 11)), (98, (15, 20)), (98, (1, 8)), (98, (3, 12)), (98, (17, 26))]
[(96, (20, 5)), (96, (20, 26)), (98, (1, 8)), (96, (21, 12)), (96, (24, 11)), (98, (15, 20)), (98, (17, 26)), (98, (3, 12)), (96, (22, 16)), (98, (20, 3))]
[(96, (20, 6)), (96, (20, 26)), (98, (1, 8)), (96, (22, 16)), (96, (21, 12)), (98, (15, 20)), (98, (17, 26)), (98, (3, 12)), (98, (20, 3)), (96, (24, 11))]
[(96, (20, 26)), (96, (21, 6)), (98, (1, 8)), (96, (22, 16)), (96, (21, 12)), (98, (15, 20)), (98, (17, 26)), (98, (3, 12)), (98, (20, 3)), (96, (24, 11))]
[(96, (21, 6)), (96, (21, 12)), (98, (1, 8)), (96, (22, 16)), (96, (21, 26)), (98, (15, 20)), (98, (17, 26)), (98, (3, 12)), (98, (20, 3)), (96, (24, 11))]
[(96, (21, 12)), (96, (21, 26)), (98, (1, 8)), (96, (22, 16)), (96, (22, 6)), (98, (15, 20)), (98, (17, 26)), (98, (3, 12)), (98, (20, 3)), (96, (24, 11))]
[(96, (21, 26)), (96, (22, 6)), (98, (1, 8)), (96, (22, 16)), (96, (24, 11)), (98, (15, 20)), (98, (17, 26)), (98, (3, 12)), (98, (20, 3)), (98, (20, 12))]
[(96, (22, 6)), (96, (22, 16)), (98, (1, 8)), (98, (3, 12)), (96, (22, 26)), (98, (15, 20)), (98, (17, 26)), (98, (20, 12)), (98, (20, 3)), (96, (24, 11))]
[(96, (22, 7)), (96, (22, 16)), (98, (1, 8)), (98, (3, 12)), (96, (22, 26)), (98, (15, 20)), (98, (17, 26)), (98, (20, 12)), (98, (20, 3)), (96, (24, 11))]
[(96, (22, 8)), (96, (22, 16)), (98, (1, 8)), (98, (3, 12)), (96, (22, 26)), (98, (15, 20)), (98, (17, 26)), (98, (20, 12)), (98, (20, 3)), (96, (24, 11))]
[(96, (22, 9)), (96, (22, 16)), (98, (1, 8)), (98, (3, 12)), (96, (22, 26)), (98, (15, 20)), (98, (17, 26)), (98, (20, 12)), (98, (20, 3)), (96, (24, 11))]
[(96, (22, 10)), (96, (22, 16)), (98, (1, 8)), (98, (3, 12)), (96, (22, 26)), (98, (15, 20)), (98, (17, 26)), (98, (20, 12)), (98, (20, 3)), (96, (24, 11))]
[(96, (22, 16)), (96, (22, 26)), (98, (1, 8)), (98, (3, 12)), (96, (24, 11)), (98, (15, 20)), (98, (17, 26)), (98, (20, 12)), (98, (20, 3)), (98, (21, 10))]
[(96, (22, 26)), (96, (24, 11)), (98, (1, 8)), (98, (3, 12)), (98, (21, 10)), (98, (15, 20)), (98, (17, 26)), (98, (20, 12)), (98, (20, 3))]
[(96, (24, 11)), (98, (3, 12)), (98, (1, 8)), (98, (20, 3)), (98, (21, 10)), (98, (15, 20)), (98, (17, 26)), (98, (20, 12)), (98, (22, 27))]
[(98, (1, 8)), (98, (3, 12)), (98, (15, 20)), (98, (20, 3)), (98, (21, 10)), (98, (22, 27)), (98, (17, 26)), (98, (20, 12)), (98, (24, 10))]
[(98, (3, 12)), (98, (20, 3)), (98, (15, 20)), (98, (20, 12)), (98, (21, 10)), (98, (22, 27)), (98, (17, 26)), (98, (24, 10)), (100, (0, 8))]
[(98, (15, 20)), (98, (20, 3)), (98, (17, 26)), (98, (20, 12)), (98, (21, 10)), (98, (22, 27)), (100, (0, 8)), (98, (24, 10)), (100, (2, 12))]
[(98, (17, 26)), (98, (20, 3)), (98, (22, 27)), (98, (20, 12)), (98, (21, 10)), (100, (2, 12)), (100, (0, 8)), (98, (24, 10)), (100, (14, 20))]
[(98, (20, 3)), (98, (20, 12)), (98, (22, 27)), (98, (24, 10)), (98, (21, 10)), (100, (2, 12)), (100, (0, 8)), (100, (14, 20)), (100, (16, 26))]
[(98, (20, 12)), (98, (21, 10)), (98, (22, 27)), (98, (24, 10)), (100, (16, 26)), (100, (2, 12)), (100, (0, 8)), (100, (14, 20)), (100, (20, 2))]
[(98, (21, 10)), (98, (24, 10)), (98, (22, 27)), (100, (14, 20)), (100, (16, 26)), (100, (2, 12)), (100, (0, 8)), (100, (20, 2)), (100, (20, 11))]
[(98, (22, 27)), (98, (24, 10)), (100, (0, 8)), (100, (14, 20)), (100, (16, 26)), (100, (2, 12)), (100, (20, 11)), (100, (20, 2)), (100, (20, 10))]
[(98, (24, 10)), (100, (14, 20)), (100, (0, 8)), (100, (20, 2)), (100, (16, 26)), (100, (2, 12)), (100, (20, 11)), (100, (20, 10)), (100, (22, 28))]
[(100, (0, 8)), (100, (14, 20)), (100, (2, 12)), (100, (20, 2)), (100, (16, 26)), (100, (22, 28)), (100, (20, 11)), (100, (20, 10)), (100, (24, 9))]
[(100, (0, 9)), (100, (2, 12)), (100, (20, 11)), (100, (14, 20)), (100, (16, 26)), (100, (22, 28)), (100, (24, 9)), (100, (20, 10)), (100, (20, 2)), (102, (0, 7))]
[(100, (0, 10)), (100, (2, 12)), (100, (20, 11)), (100, (20, 2)), (100, (14, 20)), (100, (22, 28)), (100, (24, 9)), (100, (20, 10)), (102, (0, 7)), (100, (16, 26))]
[(100, (1, 10)), (100, (2, 12)), (100, (20, 11)), (100, (20, 2)), (100, (14, 20)), (100, (22, 28)), (100, (24, 9)), (100, (20, 10)), (102, (0, 7)), (100, (16, 26))]
[(100, (2, 10)), (100, (2, 12)), (100, (20, 11)), (100, (20, 2)), (100, (14, 20)), (100, (22, 28)), (100, (24, 9)), (100, (20, 10)), (102, (0, 7)), (100, (16, 26))]
[(100, (2, 11)), (100, (2, 12)), (100, (20, 11)), (100, (20, 2)), (100, (14, 20)), (100, (22, 28)), (100, (24, 9)), (100, (20, 10)), (102, (0, 7)), (100, (16, 26))]
[(100, (2, 12)), (100, (14, 20)), (100, (20, 11)), (100, (20, 2)), (100, (16, 26)), (100, (22, 28)), (100, (24, 9)), (100, (20, 10)), (102, (0, 7))]
[(100, (14, 20)), (100, (16, 26)), (100, (20, 11)), (100, (20, 2)), (102, (0, 7)), (100, (22, 28)), (100, (24, 9)), (100, (20, 10))]
[(100, (14, 21)), (100, (16, 26)), (100, (20, 11)), (100, (20, 2)), (102, (0, 7)), (100, (22, 28)), (100, (24, 9)), (100, (20, 10))]
[(100, (14, 22)), (100, (16, 26)), (100, (20, 11)), (100, (20, 2)), (102, (0, 7)), (100, (22, 28)), (100, (24, 9)), (100, (20, 10))]
[(100, (14, 23)), (100, (16, 26)), (100, (20, 11)), (100, (20, 2)), (102, (0, 7)), (100, (22, 28)), (100, (24, 9)), (100, (20, 10))]
[(100, (14, 24)), (100, (16, 26)), (100, (20, 11)), (100, (20, 2)), (102, (0, 7)), (100, (22, 28)), (100, (24, 9)), (100, (20, 10))]
[(100, (14, 25)), (100, (16, 26)), (100, (20, 11)), (100, (20, 2)), (102, (0, 7)), (100, (22, 28)), (100, (24, 9)), (100, (20, 10))]
[(100, (16, 26)), (100, (20, 2)), (100, (20, 11)), (100, (20, 10)), (102, (0, 7)), (100, (22, 28)), (100, (24, 9)), (102, (14, 26)), (102, (13, 25))]
[(100, (16, 25)), (100, (20, 2)), (100, (20, 11)), (100, (20, 10)), (102, (0, 7)), (100, (22, 28)), (100, (24, 9)), (102, (14, 26)), (102, (13, 25))]
[(100, (20, 2)), (100, (20, 10)), (100, (20, 11)), (102, (13, 25)), (102, (0, 7)), (100, (22, 28)), (100, (24, 9)), (102, (14, 26)), (102, (16, 24))]
[(100, (20, 10)), (102, (0, 7)), (100, (20, 11)), (102, (13, 25)), (102, (16, 24)), (100, (22, 28)), (100, (24, 9)), (102, (14, 26)), (102, (19, 2))]
[(100, (20, 11)), (102, (0, 7)), (100, (22, 28)), (102, (13, 25)), (102, (16, 24)), (102, (19, 2)), (100, (24, 9)), (102, (14, 26))]
[(100, (22, 28)), (102, (0, 7)), (100, (24, 9)), (102, (13, 25)), (102, (16, 24)), (102, (19, 2)), (102, (14, 26))]
[(100, (24, 9)), (102, (0, 7)), (102, (14, 26)), (102, (13, 25)), (102, (16, 24)), (102, (19, 2)), (102, (22, 29)), (102, (21, 28))]
[(102, (0, 7)), (102, (13, 25)), (102, (14, 26)), (102, (21, 28)), (102, (16, 24)), (102, (19, 2)), (102, (22, 29)), (102, (24, 8))]
[(102, (13, 25)), (102, (16, 24)), (102, (14, 26)), (102, (21, 28)), (102, (24, 8)), (102, (19, 2)), (102, (22, 29)), (104, (0, 6))]
[(102, (14, 26)), (102, (16, 24)), (102, (19, 2)), (102, (21, 28)), (102, (24, 8)), (104, (0, 6)), (102, (22, 29)), (104, (12, 25))]
[(102, (16, 24)), (102, (21, 28)), (102, (19, 2)), (104, (12, 25)), (102, (24, 8)), (104, (0, 6)), (102, (22, 29)), (104, (14, 27))]
[(102, (19, 2)), (102, (21, 28)), (102, (22, 29)), (104, (12, 25)), (102, (24, 8)), (104, (0, 6)), (104, (14, 27)), (104, (16, 23))]
[(102, (21, 28)), (102, (24, 8)), (102, (22, 29)), (104, (12, 25)), (104, (16, 23)), (104, (0, 6)), (104, (14, 27)), (104, (18, 2))]
[(102, (22, 29)), (102, (24, 8)), (104, (0, 6)), (104, (12, 25)), (104, (16, 23)), (104, (18, 2)), (104, (14, 27)), (104, (20, 28))]
[(102, (24, 8)), (104, (12, 25)), (104, (0, 6)), (104, (20, 28)), (104, (16, 23)), (104, (18, 2)), (104, (14, 27)), (104, (22, 30))]
[(102, (25, 8)), (104, (0, 6)), (104, (14, 27)), (104, (12, 25)), (104, (16, 23)), (104, (18, 2)), (104, (22, 30)), (104, (20, 28))]
[(102, (26, 8)), (104, (0, 6)), (104, (14, 27)), (104, (12, 25)), (104, (16, 23)), (104, (18, 2)), (104, (22, 30)), (104, (20, 28))]
[(104, (0, 6)), (104, (12, 25)), (104, (14, 27)), (104, (20, 28)), (104, (16, 23)), (104, (18, 2)), (104, (22, 30)), (104, (26, 7))]
[(104, (1, 6)), (104, (12, 25)), (104, (14, 27)), (104, (16, 23)), (104, (26, 7)), (104, (18, 2)), (104, (22, 30)), (104, (20, 28))]
[(104, (2, 6)), (104, (12, 25)), (104, (14, 27)), (104, (16, 23)), (104, (26, 7)), (104, (18, 2)), (104, (22, 30)), (104, (20, 28))]
[(104, (12, 25)), (104, (16, 23)), (104, (14, 27)), (104, (20, 28)), (104, (26, 7)), (104, (18, 2)), (104, (22, 30)), (106, (2, 5))]
[(104, (14, 27)), (104, (16, 23)), (104, (18, 2)), (104, (20, 28)), (104, (26, 7)), (106, (2, 5)), (104, (22, 30)), (106, (12, 26)), (106, (12, 24))]
[(104, (16, 23)), (104, (20, 28)), (104, (18, 2)), (106, (12, 24)), (104, (26, 7)), (106, (2, 5)), (104, (22, 30)), (106, (12, 26)), (106, (14, 28))]
[(104, (18, 2)), (104, (20, 28)), (104, (22, 30)), (106, (12, 24)), (104, (26, 7)), (106, (2, 5)), (106, (14, 28)), (106, (12, 26)), (106, (16, 22))]
[(104, (20, 28)), (104, (26, 7)), (104, (22, 30)), (106, (12, 24)), (106, (16, 22)), (106, (2, 5)), (106, (14, 28)), (106, (12, 26))]
[(104, (22, 30)), (104, (26, 7)), (106, (2, 5)), (106, (12, 24)), (106, (16, 22)), (106, (12, 26)), (106, (14, 28)), (106, (19, 28))]
[(104, (23, 30)), (104, (26, 7)), (106, (2, 5)), (106, (12, 24)), (106, (16, 22)), (106, (12, 26)), (106, (14, 28)), (106, (19, 28)), (106, (21, 30))]
[(104, (24, 30)), (104, (26, 7)), (106, (2, 5)), (106, (12, 24)), (106, (16, 22)), (106, (12, 26)), (106, (14, 28)), (106, (21, 30)), (106, (19, 28))]
[(104, (24, 29)), (104, (26, 7)), (106, (2, 5)), (106, (12, 24)), (106, (16, 22)), (106, (12, 26)), (106, (14, 28)), (106, (21, 30)), (106, (19, 28))]
[(104, (24, 28)), (104, (26, 7)), (106, (2, 5)), (106, (12, 24)), (106, (16, 22)), (106, (12, 26)), (106, (14, 28)), (106, (21, 30)), (106, (19, 28))]
[(104, (24, 27)), (104, (25, 28)), (106, (2, 5)), (106, (12, 24)), (104, (26, 7)), (106, (12, 26)), (106, (14, 28)), (106, (21, 30)), (106, (19, 28)), (106, (16, 22))]
[(104, (24, 26)), (104, (25, 28)), (106, (2, 5)), (106, (12, 24)), (104, (26, 7)), (106, (12, 26)), (106, (14, 28)), (106, (21, 30)), (106, (19, 28)), (106, (16, 22))]
[(104, (25, 26)), (104, (25, 28)), (106, (2, 5)), (106, (12, 24)), (104, (26, 7)), (106, (12, 26)), (106, (14, 28)), (106, (21, 30)), (106, (19, 28)), (106, (16, 22))]
[(104, (25, 28)), (104, (26, 7)), (106, (2, 5)), (106, (12, 24)), (104, (26, 26)), (106, (12, 26)), (106, (14, 28)), (106, (21, 30)), (106, (19, 28)), (106, (16, 22))]
[(104, (26, 7)), (104, (26, 26)), (106, (2, 5)), (106, (12, 24)), (104, (26, 28)), (106, (12, 26)), (106, (14, 28)), (106, (21, 30)), (106, (19, 28)), (106, (16, 22))]
[(104, (26, 26)), (104, (26, 28)), (106, (2, 5)), (106, (12, 24)), (106, (16, 22)), (106, (12, 26)), (106, (14, 28)), (106, (21, 30)), (106, (19, 28)), (106, (26, 6))]
[(104, (26, 28)), (104, (27, 26)), (106, (2, 5)), (106, (19, 28)), (106, (12, 24)), (106, (12, 26)), (106, (14, 28)), (106, (21, 30)), (106, (26, 6)), (106, (16, 22))]
[(104, (27, 26)), (106, (12, 24)), (106, (2, 5)), (106, (19, 28)), (106, (16, 22)), (106, (12, 26)), (106, (14, 28)), (106, (21, 30)), (106, (26, 6)), (106, (26, 29))]
[(104, (28, 26)), (106, (2, 5)), (106, (12, 26)), (106, (19, 28)), (106, (12, 24)), (106, (26, 29)), (106, (14, 28)), (106, (21, 30)), (106, (26, 6)), (106, (16, 22))]
[(106, (2, 5)), (106, (12, 24)), (106, (12, 26)), (106, (19, 28)), (106, (16, 22)), (106, (26, 29)), (106, (14, 28)), (106, (21, 30)), (106, (26, 6)), (106, (28, 27))]
[(106, (12, 24)), (106, (16, 22)), (106, (12, 26)), (106, (19, 28)), (106, (28, 27)), (106, (26, 29)), (106, (14, 28)), (106, (21, 30)), (106, (26, 6)), (108, (2, 4))]
[(106, (12, 26)), (106, (16, 22)), (106, (14, 28)), (106, (19, 28)), (106, (28, 27)), (106, (26, 29)), (108, (2, 4)), (106, (21, 30)), (106, (26, 6)), (108, (11, 24))]
[(106, (14, 28)), (106, (16, 22)), (106, (26, 29)), (106, (19, 28)), (106, (28, 27)), (108, (11, 24)), (108, (2, 4)), (106, (21, 30)), (106, (26, 6)), (108, (12, 27))]
[(106, (16, 22)), (106, (19, 28)), (106, (26, 29)), (106, (21, 30)), (106, (28, 27)), (108, (11, 24)), (108, (2, 4)), (108, (12, 27)), (106, (26, 6)), (108, (13, 28))]
[(106, (19, 28)), (106, (21, 30)), (106, (26, 29)), (106, (26, 6)), (106, (28, 27)), (108, (11, 24)), (108, (2, 4)), (108, (12, 27)), (108, (13, 28))]
[(106, (19, 27)), (106, (21, 30)), (106, (26, 29)), (106, (26, 6)), (106, (28, 27)), (108, (11, 24)), (108, (2, 4)), (108, (13, 28)), (108, (12, 27)), (108, (18, 28))]
[(106, (21, 30)), (106, (26, 6)), (106, (26, 29)), (108, (12, 27)), (106, (28, 27)), (108, (11, 24)), (108, (2, 4)), (108, (13, 28)), (108, (18, 28))]
[(106, (26, 6)), (106, (28, 27)), (106, (26, 29)), (108, (12, 27)), (108, (18, 28)), (108, (11, 24)), (108, (2, 4)), (108, (13, 28)), (108, (20, 30))]
[(106, (26, 29)), (106, (28, 27)), (108, (2, 4)), (108, (12, 27)), (108, (18, 28)), (108, (11, 24)), (108, (20, 30)), (108, (13, 28)), (108, (26, 5))]
[(106, (28, 27)), (108, (12, 27)), (108, (2, 4)), (108, (13, 28)), (108, (18, 28)), (108, (11, 24)), (108, (20, 30)), (108, (26, 5)), (108, (26, 30))]
[(108, (2, 4)), (108, (12, 27)), (108, (11, 24)), (108, (13, 28)), (108, (18, 28)), (108, (26, 30)), (108, (20, 30)), (108, (26, 5)), (108, (28, 28))]
[(108, (11, 24)), (108, (12, 27)), (108, (20, 30)), (108, (13, 28)), (108, (18, 28)), (108, (26, 30)), (108, (28, 28)), (108, (26, 5)), (110, (2, 3))]
[(108, (12, 27)), (108, (13, 28)), (108, (20, 30)), (108, (26, 5)), (108, (18, 28)), (108, (26, 30)), (108, (28, 28)), (110, (2, 3)), (110, (10, 24))]
[(108, (13, 28)), (108, (18, 28)), (108, (20, 30)), (108, (26, 5)), (110, (10, 24)), (108, (26, 30)), (108, (28, 28)), (110, (2, 3)), (110, (12, 28))]
[(108, (18, 28)), (108, (26, 5)), (108, (20, 30)), (110, (2, 3)), (110, (10, 24)), (108, (26, 30)), (108, (28, 28)), (110, (12, 28))]
[(108, (20, 30)), (108, (26, 5)), (108, (26, 30)), (110, (2, 3)), (110, (10, 24)), (110, (12, 28)), (108, (28, 28)), (110, (17, 28))]
[(108, (26, 5)), (110, (2, 3)), (108, (26, 30)), (110, (17, 28)), (110, (10, 24)), (110, (12, 28)), (108, (28, 28)), (110, (19, 30))]
[(108, (26, 30)), (110, (2, 3)), (108, (28, 28)), (110, (17, 28)), (110, (10, 24)), (110, (12, 28)), (110, (19, 30)), (110, (26, 4))]
[(108, (27, 30)), (108, (28, 28)), (110, (12, 28)), (110, (2, 3)), (110, (10, 24)), (110, (26, 4)), (110, (19, 30)), (110, (17, 28))]
[(108, (28, 28)), (108, (28, 30)), (110, (12, 28)), (110, (2, 3)), (110, (10, 24)), (110, (26, 4)), (110, (19, 30)), (110, (17, 28))]
[(108, (28, 30)), (108, (29, 28)), (110, (12, 28)), (110, (2, 3)), (110, (10, 24)), (110, (26, 4)), (110, (19, 30)), (110, (17, 28))]
[(108, (29, 28)), (108, (29, 30)), (110, (12, 28)), (110, (2, 3)), (110, (10, 24)), (110, (26, 4)), (110, (19, 30)), (110, (17, 28))]
[(108, (29, 30)), (108, (30, 28)), (110, (12, 28)), (110, (2, 3)), (110, (10, 24)), (110, (26, 4)), (110, (19, 30)), (110, (17, 28))]
[(108, (30, 28)), (108, (30, 30)), (110, (12, 28)), (110, (2, 3)), (110, (10, 24)), (110, (26, 4)), (110, (19, 30)), (110, (17, 28))]
[(108, (30, 27)), (108, (30, 30)), (110, (12, 28)), (110, (2, 3)), (110, (10, 24)), (110, (26, 4)), (110, (19, 30)), (110, (17, 28))]
[(108, (30, 26)), (108, (30, 30)), (110, (12, 28)), (110, (2, 3)), (110, (10, 24)), (110, (26, 4)), (110, (19, 30)), (110, (17, 28))]
[(108, (30, 30)), (108, (31, 26)), (110, (12, 28)), (110, (2, 3)), (110, (10, 24)), (110, (26, 4)), (110, (19, 30)), (110, (17, 28))]
[(108, (31, 26)), (108, (31, 30)), (110, (12, 28)), (110, (2, 3)), (110, (10, 24)), (110, (26, 4)), (110, (19, 30)), (110, (17, 28))]
[(108, (31, 30)), (108, (32, 26)), (110, (12, 28)), (110, (2, 3)), (110, (10, 24)), (110, (26, 4)), (110, (19, 30)), (110, (17, 28))]
[(108, (32, 26)), (108, (32, 30)), (110, (12, 28)), (110, (2, 3)), (110, (10, 24)), (110, (26, 4)), (110, (19, 30)), (110, (17, 28))]
[(108, (32, 25)), (108, (32, 30)), (110, (12, 28)), (110, (2, 3)), (110, (10, 24)), (110, (26, 4)), (110, (19, 30)), (110, (17, 28))]
[(108, (32, 30)), (110, (2, 3)), (110, (12, 28)), (110, (17, 28)), (110, (10, 24)), (110, (26, 4)), (110, (19, 30)), (110, (32, 24))]
[(108, (33, 30)), (110, (2, 3)), (110, (12, 28)), (110, (10, 24)), (110, (32, 24)), (110, (26, 4)), (110, (19, 30)), (110, (17, 28))]
[(108, (34, 30)), (110, (2, 3)), (110, (12, 28)), (110, (10, 24)), (110, (32, 24)), (110, (26, 4)), (110, (19, 30)), (110, (17, 28))]
[(108, (35, 30)), (110, (2, 3)), (110, (12, 28)), (110, (10, 24)), (110, (32, 24)), (110, (26, 4)), (110, (19, 30)), (110, (17, 28))]
[(108, (36, 30)), (110, (2, 3)), (110, (12, 28)), (110, (10, 24)), (110, (32, 24)), (110, (26, 4)), (110, (19, 30)), (110, (17, 28))]
[(108, (37, 30)), (110, (2, 3)), (110, (12, 28)), (110, (10, 24)), (110, (32, 24)), (110, (26, 4)), (110, (19, 30)), (110, (17, 28))]
[(108, (38, 30)), (110, (2, 3)), (110, (12, 28)), (110, (10, 24)), (110, (32, 24)), (110, (26, 4)), (110, (19, 30)), (110, (17, 28))]
[(108, (39, 30)), (110, (2, 3)), (110, (12, 28)), (110, (10, 24)), (110, (32, 24)), (110, (26, 4)), (110, (19, 30)), (110, (17, 28))]
[(108, (40, 30)), (110, (2, 3)), (110, (12, 28)), (110, (10, 24)), (110, (32, 24)), (110, (26, 4)), (110, (19, 30)), (110, (17, 28))]
[(108, (40, 29)), (108, (41, 30)), (110, (12, 28)), (110, (2, 3)), (110, (32, 24)), (110, (26, 4)), (110, (19, 30)), (110, (17, 28)), (110, (10, 24))]
[(108, (40, 28)), (108, (41, 30)), (110, (12, 28)), (110, (2, 3)), (110, (32, 24)), (110, (26, 4)), (110, (19, 30)), (110, (17, 28)), (110, (10, 24))]
[(108, (40, 27)), (108, (41, 30)), (110, (12, 28)), (110, (2, 3)), (110, (32, 24)), (110, (26, 4)), (110, (19, 30)), (110, (17, 28)), (110, (10, 24))]
[(108, (40, 26)), (108, (41, 30)), (110, (12, 28)), (110, (2, 3)), (110, (32, 24)), (110, (26, 4)), (110, (19, 30)), (110, (17, 28)), (110, (10, 24))]
[(108, (40, 25)), (108, (41, 30)), (110, (12, 28)), (110, (2, 3)), (110, (32, 24)), (110, (26, 4)), (110, (19, 30)), (110, (17, 28)), (110, (10, 24))]
[(108, (41, 30)), (110, (2, 3)), (110, (12, 28)), (110, (10, 24)), (110, (32, 24)), (110, (26, 4)), (110, (19, 30)), (110, (17, 28)), (110, (40, 24))]
[(108, (42, 30)), (110, (2, 3)), (110, (12, 28)), (110, (10, 24)), (110, (32, 24)), (110, (26, 4)), (110, (19, 30)), (110, (40, 24)), (110, (17, 28))]
[(108, (42, 29)), (110, (2, 3)), (110, (12, 28)), (110, (10, 24)), (110, (32, 24)), (110, (26, 4)), (110, (19, 30)), (110, (40, 24)), (110, (17, 28))]
[(108, (42, 28)), (110, (2, 3)), (110, (12, 28)), (110, (10, 24)), (110, (32, 24)), (110, (26, 4)), (110, (19, 30)), (110, (40, 24)), (110, (17, 28))]
[(108, (43, 28)), (110, (2, 3)), (110, (12, 28)), (110, (10, 24)), (110, (32, 24)), (110, (26, 4)), (110, (19, 30)), (110, (40, 24)), (110, (17, 28))]
[(108, (44, 28)), (110, (2, 3)), (110, (12, 28)), (110, (10, 24)), (110, (32, 24)), (110, (26, 4)), (110, (19, 30)), (110, (40, 24)), (110, (17, 28))]
[(110, (2, 3)), (110, (10, 24)), (110, (12, 28)), (110, (17, 28)), (110, (32, 24)), (110, (26, 4)), (110, (19, 30)), (110, (40, 24)), (110, (44, 29))]
[(110, (10, 24)), (110, (17, 28)), (110, (12, 28)), (110, (40, 24)), (110, (32, 24)), (110, (26, 4)), (110, (19, 30)), (110, (44, 29)), (112, (2, 2))]
[(110, (12, 28)), (110, (17, 28)), (110, (19, 30)), (110, (40, 24)), (110, (32, 24)), (110, (26, 4)), (112, (2, 2)), (110, (44, 29)), (112, (10, 23))]
[(110, (17, 28)), (110, (32, 24)), (110, (19, 30)), (110, (40, 24)), (112, (10, 23)), (110, (26, 4)), (112, (2, 2)), (110, (44, 29))]
[(110, (19, 30)), (110, (32, 24)), (110, (26, 4)), (110, (40, 24)), (112, (10, 23)), (110, (44, 29)), (112, (2, 2)), (112, (16, 28))]
[(110, (26, 4)), (110, (32, 24)), (110, (44, 29)), (110, (40, 24)), (112, (10, 23)), (112, (16, 28)), (112, (2, 2)), (112, (18, 30))]
[(110, (32, 24)), (110, (40, 24)), (110, (44, 29)), (112, (18, 30)), (112, (10, 23)), (112, (16, 28)), (112, (2, 2)), (112, (26, 3))]
[(110, (40, 24)), (112, (10, 23)), (110, (44, 29)), (112, (18, 30)), (112, (26, 3)), (112, (16, 28)), (112, (2, 2)), (112, (31, 24))]
[(110, (44, 29)), (112, (10, 23)), (112, (2, 2)), (112, (18, 30)), (112, (26, 3)), (112, (16, 28)), (112, (31, 24)), (112, (40, 23))]
[(112, (2, 2)), (112, (10, 23)), (112, (16, 28)), (112, (18, 30)), (112, (26, 3)), (112, (40, 23)), (112, (31, 24)), (112, (44, 30))]
[(112, (10, 23)), (112, (18, 30)), (112, (16, 28)), (112, (44, 30)), (112, (26, 3)), (112, (40, 23)), (112, (31, 24)), (114, (2, 1)), (114, (1, 2))]
[(112, (16, 28)), (112, (18, 30)), (112, (31, 24)), (112, (44, 30)), (112, (26, 3)), (112, (40, 23)), (114, (1, 2)), (114, (2, 1)), (114, (10, 22))]
[(112, (18, 30)), (112, (26, 3)), (112, (31, 24)), (112, (44, 30)), (114, (10, 22)), (112, (40, 23)), (114, (1, 2)), (114, (2, 1)), (114, (16, 29))]
[(112, (26, 3)), (112, (44, 30)), (112, (31, 24)), (114, (2, 1)), (114, (10, 22)), (112, (40, 23)), (114, (1, 2)), (114, (16, 29)), (114, (17, 30))]
[(112, (31, 24)), (112, (44, 30)), (112, (40, 23)), (114, (2, 1)), (114, (10, 22)), (114, (17, 30)), (114, (1, 2)), (114, (16, 29)), (114, (26, 2))]
[(112, (40, 23)), (112, (44, 30)), (114, (1, 2)), (114, (2, 1)), (114, (10, 22)), (114, (17, 30)), (114, (26, 2)), (114, (16, 29)), (114, (30, 24))]
[(112, (44, 30)), (114, (2, 1)), (114, (1, 2)), (114, (16, 29)), (114, (10, 22)), (114, (17, 30)), (114, (26, 2)), (114, (30, 24)), (114, (40, 22))]
[(114, (1, 2)), (114, (2, 1)), (114, (17, 30)), (114, (16, 29)), (114, (10, 22)), (114, (40, 22)), (114, (26, 2)), (114, (30, 24))]
[(114, (2, 1)), (114, (10, 22)), (114, (17, 30)), (114, (16, 29)), (114, (30, 24)), (114, (40, 22)), (114, (26, 2)), (116, (0, 2))]
[(114, (10, 22)), (114, (16, 29)), (114, (17, 30)), (116, (0, 2)), (114, (30, 24)), (114, (40, 22)), (114, (26, 2)), (116, (2, 0))]
[(114, (16, 29)), (114, (30, 24)), (114, (17, 30)), (116, (0, 2)), (116, (2, 0)), (114, (40, 22)), (114, (26, 2)), (116, (10, 21))]
[(114, (17, 30)), (114, (30, 24)), (114, (26, 2)), (116, (0, 2)), (116, (2, 0)), (114, (40, 22)), (116, (10, 21)), (116, (16, 30))]
[(114, (26, 2)), (114, (30, 24)), (114, (40, 22)), (116, (0, 2)), (116, (2, 0)), (116, (16, 30)), (116, (10, 21))]
[(114, (30, 24)), (116, (0, 2)), (114, (40, 22)), (116, (10, 21)), (116, (2, 0)), (116, (16, 30)), (116, (26, 1))]
[(114, (40, 22)), (116, (0, 2)), (116, (16, 30)), (116, (10, 21)), (116, (2, 0)), (116, (26, 1)), (116, (29, 24))]
[(114, (41, 22)), (116, (2, 0)), (116, (0, 2)), (116, (10, 21)), (116, (29, 24)), (116, (26, 1)), (116, (16, 30))]
[(114, (42, 22)), (116, (2, 0)), (116, (0, 2)), (116, (10, 21)), (116, (29, 24)), (116, (26, 1)), (116, (16, 30))]
[(114, (43, 22)), (116, (2, 0)), (116, (0, 2)), (116, (10, 21)), (116, (29, 24)), (116, (26, 1)), (116, (16, 30))]
[(114, (44, 22)), (116, (2, 0)), (116, (0, 2)), (116, (10, 21)), (116, (29, 24)), (116, (26, 1)), (116, (16, 30)), (116, (43, 21))]
[(114, (44, 23)), (116, (0, 2)), (116, (16, 30)), (116, (2, 0)), (116, (29, 24)), (116, (26, 1)), (116, (43, 21)), (116, (10, 21))]
[(114, (44, 24)), (116, (0, 2)), (116, (16, 30)), (116, (2, 0)), (116, (29, 24)), (116, (26, 1)), (116, (43, 21)), (116, (10, 21))]
[(116, (0, 2)), (116, (2, 0)), (116, (16, 30)), (116, (10, 21)), (116, (29, 24)), (116, (26, 1)), (116, (43, 21)), (116, (43, 24))]
[(116, (0, 3)), (116, (2, 0)), (116, (16, 30)), (116, (10, 21)), (116, (29, 24)), (116, (26, 1)), (116, (43, 21)), (116, (43, 24)), (118, (0, 1))]
[(116, (0, 4)), (116, (2, 0)), (116, (16, 30)), (116, (10, 21)), (116, (29, 24)), (116, (26, 1)), (116, (43, 21)), (118, (0, 1)), (116, (43, 24))]
[(116, (2, 0)), (116, (10, 21)), (116, (16, 30)), (116, (43, 24)), (116, (29, 24)), (116, (26, 1)), (116, (43, 21)), (118, (0, 1))]
[(116, (10, 21)), (116, (29, 24)), (116, (16, 30)), (116, (43, 24)), (118, (0, 1)), (116, (26, 1)), (116, (43, 21)), (118, (1, 0))]
[(116, (16, 30)), (116, (29, 24)), (116, (26, 1)), (116, (43, 24)), (118, (0, 1)), (118, (1, 0)), (116, (43, 21)), (118, (10, 20))]
[(116, (26, 1)), (116, (29, 24)), (116, (43, 21)), (116, (43, 24)), (118, (0, 1)), (118, (1, 0)), (118, (10, 20)), (118, (15, 30))]
[(116, (29, 24)), (116, (43, 24)), (116, (43, 21)), (118, (15, 30)), (118, (0, 1)), (118, (1, 0)), (118, (10, 20)), (118, (26, 0))]
[(116, (43, 21)), (116, (43, 24)), (118, (1, 0)), (118, (15, 30)), (118, (0, 1)), (118, (26, 0)), (118, (10, 20)), (118, (28, 24))]
[(116, (43, 24)), (118, (0, 1)), (118, (1, 0)), (118, (15, 30)), (118, (28, 24)), (118, (26, 0)), (118, (10, 20)), (118, (43, 20))]
[(118, (0, 1)), (118, (15, 30)), (118, (1, 0)), (118, (42, 24)), (118, (28, 24)), (118, (26, 0)), (118, (10, 20)), (118, (43, 20))]
[(118, (1, 0)), (118, (15, 30)), (118, (10, 20)), (118, (42, 24)), (118, (28, 24)), (118, (26, 0)), (118, (43, 20)), (120, (0, 0))]
[(118, (10, 20)), (118, (15, 30)), (118, (26, 0)), (118, (42, 24)), (118, (28, 24)), (120, (0, 0)), (118, (43, 20))]
[(118, (11, 20)), (118, (28, 24)), (118, (15, 30)), (118, (42, 24)), (118, (43, 20)), (120, (0, 0)), (118, (26, 0)), (120, (9, 20))]
[(118, (12, 20)), (118, (15, 30)), (118, (26, 0)), (118, (28, 24)), (118, (43, 20)), (120, (0, 0)), (120, (9, 20)), (118, (42, 24))]
[(118, (12, 21)), (118, (15, 30)), (118, (26, 0)), (118, (28, 24)), (118, (43, 20)), (120, (0, 0)), (120, (9, 20)), (118, (42, 24))]
[(118, (12, 22)), (118, (15, 30)), (118, (26, 0)), (118, (28, 24)), (118, (43, 20)), (120, (0, 0)), (120, (9, 20)), (118, (42, 24))]
[(118, (15, 30)), (118, (28, 24)), (118, (26, 0)), (118, (42, 24)), (118, (43, 20)), (120, (0, 0)), (120, (9, 20))]
[(118, (26, 0)), (118, (28, 24)), (120, (0, 0)), (118, (42, 24)), (118, (43, 20)), (120, (9, 20)), (120, (14, 30))]
[(118, (27, 0)), (118, (42, 24)), (118, (28, 24)), (120, (14, 30)), (118, (43, 20)), (120, (9, 20)), (120, (0, 0)), (120, (25, 0))]
[(118, (28, 0)), (118, (28, 24)), (120, (0, 0)), (118, (42, 24)), (118, (43, 20)), (120, (9, 20)), (120, (25, 0)), (120, (14, 30))]
[(118, (28, 1)), (118, (28, 24)), (120, (0, 0)), (118, (42, 24)), (118, (43, 20)), (120, (9, 20)), (120, (25, 0)), (120, (14, 30))]
[(118, (28, 2)), (118, (28, 24)), (120, (0, 0)), (118, (42, 24)), (118, (43, 20)), (120, (9, 20)), (120, (25, 0)), (120, (14, 30))]
[(118, (28, 3)), (118, (28, 24)), (120, (0, 0)), (118, (42, 24)), (118, (43, 20)), (120, (9, 20)), (120, (25, 0)), (120, (14, 30))]
[(118, (28, 4)), (118, (28, 24)), (120, (0, 0)), (118, (42, 24)), (118, (43, 20)), (120, (9, 20)), (120, (25, 0)), (120, (14, 30))]
[(118, (28, 5)), (118, (28, 24)), (120, (0, 0)), (118, (42, 24)), (118, (43, 20)), (120, (9, 20)), (120, (25, 0)), (120, (14, 30))]
[(118, (28, 6)), (118, (28, 24)), (120, (0, 0)), (118, (42, 24)), (118, (43, 20)), (120, (9, 20)), (120, (25, 0)), (120, (14, 30))]
[(118, (28, 7)), (118, (28, 24)), (120, (0, 0)), (118, (42, 24)), (118, (43, 20)), (120, (9, 20)), (120, (25, 0)), (120, (14, 30))]
[(118, (28, 8)), (118, (28, 24)), (120, (0, 0)), (118, (42, 24)), (118, (43, 20)), (120, (9, 20)), (120, (25, 0)), (120, (14, 30))]
[(118, (28, 24)), (118, (29, 8)), (120, (0, 0)), (118, (42, 24)), (118, (43, 20)), (120, (9, 20)), (120, (25, 0)), (120, (14, 30))]
[(118, (29, 8)), (118, (42, 24)), (120, (0, 0)), (120, (14, 30)), (118, (43, 20)), (120, (9, 20)), (120, (25, 0)), (120, (28, 23))]
[(118, (30, 8)), (118, (42, 24)), (120, (0, 0)), (118, (43, 20)), (120, (28, 23)), (120, (9, 20)), (120, (25, 0)), (120, (14, 30))]
[(118, (31, 8)), (118, (42, 24)), (120, (0, 0)), (118, (43, 20)), (120, (28, 23)), (120, (9, 20)), (120, (25, 0)), (120, (14, 30))]
[(118, (32, 8)), (118, (42, 24)), (120, (0, 0)), (118, (43, 20)), (120, (28, 23)), (120, (9, 20)), (120, (25, 0)), (120, (14, 30))]
[(118, (32, 9)), (118, (33, 8)), (120, (0, 0)), (118, (42, 24)), (120, (28, 23)), (120, (9, 20)), (120, (25, 0)), (120, (14, 30)), (118, (43, 20))]
[(118, (32, 10)), (118, (33, 8)), (120, (0, 0)), (118, (42, 24)), (120, (28, 23)), (120, (9, 20)), (120, (25, 0)), (120, (14, 30)), (118, (43, 20))]
[(118, (32, 11)), (118, (33, 8)), (120, (0, 0)), (118, (42, 24)), (120, (28, 23)), (120, (9, 20)), (120, (25, 0)), (120, (14, 30)), (118, (43, 20)), (120, (31, 10))]
[(118, (32, 12)), (118, (33, 8)), (120, (0, 0)), (118, (43, 20)), (118, (42, 24)), (120, (9, 20)), (120, (25, 0)), (120, (14, 30)), (120, (31, 10)), (120, (28, 23))]
[(118, (33, 8)), (118, (33, 12)), (120, (0, 0)), (118, (43, 20)), (118, (42, 24)), (120, (9, 20)), (120, (25, 0)), (120, (14, 30)), (120, (31, 10)), (120, (28, 23))]
[(118, (33, 12)), (118, (34, 8)), (120, (0, 0)), (118, (43, 20)), (118, (42, 24)), (120, (9, 20)), (120, (25, 0)), (120, (14, 30)), (120, (31, 10)), (120, (28, 23))]
[(118, (34, 8)), (118, (34, 12)), (120, (0, 0)), (118, (43, 20)), (118, (42, 24)), (120, (9, 20)), (120, (25, 0)), (120, (14, 30)), (120, (31, 10)), (120, (28, 23))]
[(118, (34, 12)), (118, (35, 8)), (120, (0, 0)), (118, (43, 20)), (118, (42, 24)), (120, (9, 20)), (120, (25, 0)), (120, (14, 30)), (120, (31, 10)), (120, (28, 23))]
[(118, (34, 13)), (118, (35, 8)), (120, (0, 0)), (118, (43, 20)), (118, (42, 24)), (120, (9, 20)), (120, (25, 0)), (120, (14, 30)), (120, (31, 10)), (120, (28, 23))]
[(118, (34, 14)), (118, (35, 8)), (120, (0, 0)), (118, (43, 20)), (118, (42, 24)), (120, (9, 20)), (120, (25, 0)), (120, (14, 30)), (120, (31, 10)), (120, (28, 23))]
[(118, (35, 8)), (118, (35, 14)), (120, (0, 0)), (118, (43, 20)), (118, (42, 24)), (120, (9, 20)), (120, (25, 0)), (120, (14, 30)), (120, (31, 10)), (120, (28, 23))]
[(118, (35, 14)), (118, (36, 8)), (120, (0, 0)), (118, (43, 20)), (118, (42, 24)), (120, (9, 20)), (120, (25, 0)), (120, (14, 30)), (120, (31, 10)), (120, (28, 23))]
[(118, (36, 8)), (118, (36, 14)), (120, (0, 0)), (118, (43, 20)), (118, (42, 24)), (120, (9, 20)), (120, (25, 0)), (120, (14, 30)), (120, (31, 10)), (120, (28, 23))]
[(118, (36, 14)), (118, (42, 24)), (120, (0, 0)), (118, (43, 20)), (120, (28, 23)), (120, (9, 20)), (120, (25, 0)), (120, (14, 30)), (120, (31, 10)), (120, (36, 7))]
[(118, (36, 15)), (118, (42, 24)), (120, (0, 0)), (120, (14, 30)), (118, (43, 20)), (120, (9, 20)), (120, (25, 0)), (120, (36, 7)), (120, (31, 10)), (120, (28, 23)), (120, (36, 13))]
[(118, (36, 16)), (118, (42, 24)), (120, (0, 0)), (120, (14, 30)), (118, (43, 20)), (120, (9, 20)), (120, (25, 0)), (120, (36, 7)), (120, (31, 10)), (120, (36, 13)), (120, (28, 23))]
[(118, (37, 16)), (118, (42, 24)), (120, (0, 0)), (120, (14, 30)), (118, (43, 20)), (120, (9, 20)), (120, (25, 0)), (120, (36, 7)), (120, (31, 10)), (120, (36, 13)), (120, (28, 23))]
[(118, (38, 16)), (118, (42, 24)), (120, (0, 0)), (120, (14, 30)), (118, (43, 20)), (120, (9, 20)), (120, (25, 0)), (120, (36, 7)), (120, (31, 10)), (120, (36, 13)), (120, (28, 23))]
[(118, (39, 16)), (118, (42, 24)), (120, (0, 0)), (120, (14, 30)), (118, (43, 20)), (120, (9, 20)), (120, (25, 0)), (120, (36, 7)), (120, (31, 10)), (120, (36, 13)), (120, (28, 23))]
[(118, (40, 16)), (118, (42, 24)), (120, (0, 0)), (120, (14, 30)), (118, (43, 20)), (120, (9, 20)), (120, (25, 0)), (120, (36, 7)), (120, (31, 10)), (120, (36, 13)), (120, (28, 23))]
[(118, (41, 16)), (118, (42, 24)), (120, (0, 0)), (120, (14, 30)), (118, (43, 20)), (120, (9, 20)), (120, (25, 0)), (120, (36, 7)), (120, (31, 10)), (120, (36, 13)), (120, (28, 23))]
[(118, (42, 16)), (118, (42, 24)), (120, (0, 0)), (120, (14, 30)), (118, (43, 20)), (120, (9, 20)), (120, (25, 0)), (120, (36, 7)), (120, (31, 10)), (120, (36, 13)), (120, (28, 23))]
[(118, (42, 17)), (118, (42, 24)), (120, (0, 0)), (120, (14, 30)), (118, (43, 20)), (120, (9, 20)), (120, (25, 0)), (120, (36, 7)), (120, (31, 10)), (120, (36, 13)), (120, (28, 23))]
[(118, (42, 18)), (118, (42, 24)), (120, (0, 0)), (120, (14, 30)), (118, (43, 20)), (120, (9, 20)), (120, (25, 0)), (120, (36, 7)), (120, (31, 10)), (120, (36, 13)), (120, (28, 23))]
[(118, (42, 24)), (118, (43, 18)), (120, (0, 0)), (120, (14, 30)), (118, (43, 20)), (120, (9, 20)), (120, (25, 0)), (120, (36, 7)), (120, (31, 10)), (120, (36, 13)), (120, (28, 23)), (120, (41, 18))]
[(118, (42, 25)), (118, (43, 20)), (118, (43, 18)), (120, (14, 30)), (120, (28, 23)), (120, (0, 0)), (120, (25, 0)), (120, (36, 7)), (120, (31, 10)), (120, (36, 13)), (120, (41, 18)), (120, (9, 20))]
[(118, (43, 18)), (118, (43, 20)), (120, (0, 0)), (120, (14, 30)), (120, (28, 23)), (120, (9, 20)), (120, (25, 0)), (120, (36, 7)), (120, (31, 10)), (120, (36, 13)), (120, (41, 18)), (120, (42, 26))]
[(118, (43, 20)), (120, (14, 30)), (118, (44, 18)), (120, (31, 10)), (120, (28, 23)), (120, (0, 0)), (120, (25, 0)), (120, (36, 7)), (120, (42, 26)), (120, (36, 13)), (120, (41, 18)), (120, (9, 20))]
[(118, (44, 18)), (120, (14, 30)), (118, (44, 20)), (120, (31, 10)), (120, (28, 23)), (120, (0, 0)), (120, (25, 0)), (120, (36, 7)), (120, (42, 26)), (120, (36, 13)), (120, (41, 18)), (120, (9, 20)), (120, (42, 20))]
[(118, (44, 19)), (120, (14, 30)), (118, (44, 20)), (120, (31, 10)), (120, (28, 23)), (120, (0, 0)), (120, (25, 0)), (120, (36, 7)), (120, (42, 26)), (120, (36, 13)), (120, (41, 18)), (120, (42, 20)), (120, (9, 20))]
[(118, (44, 20)), (120, (14, 30)), (120, (0, 0)), (120, (31, 10)), (120, (28, 23)), (120, (9, 20)), (120, (25, 0)), (120, (36, 7)), (120, (42, 26)), (120, (36, 13)), (120, (41, 18)), (120, (42, 20))]
[(118, (45, 20)), (120, (14, 30)), (120, (0, 0)), (120, (31, 10)), (120, (28, 23)), (120, (9, 20)), (120, (25, 0)), (120, (36, 7)), (120, (42, 26)), (120, (36, 13)), (120, (41, 18)), (120, (42, 20))]
[(118, (46, 20)), (120, (14, 30)), (120, (0, 0)), (120, (31, 10)), (120, (28, 23)), (120, (9, 20)), (120, (25, 0)), (120, (36, 7)), (120, (42, 26)), (120, (36, 13)), (120, (41, 18)), (120, (42, 20))]
[(118, (46, 21)), (120, (14, 30)), (120, (0, 0)), (120, (31, 10)), (120, (28, 23)), (120, (9, 20)), (120, (25, 0)), (120, (36, 7)), (120, (42, 26)), (120, (36, 13)), (120, (41, 18)), (120, (42, 20)), (120, (46, 19))]
[(118, (46, 22)), (120, (14, 30)), (120, (0, 0)), (120, (31, 10)), (120, (28, 23)), (120, (9, 20)), (120, (25, 0)), (120, (36, 7)), (120, (42, 26)), (120, (36, 13)), (120, (41, 18)), (120, (46, 19)), (120, (42, 20))]
[(118, (46, 23)), (120, (14, 30)), (120, (0, 0)), (120, (31, 10)), (120, (28, 23)), (120, (9, 20)), (120, (25, 0)), (120, (36, 7)), (120, (42, 26)), (120, (36, 13)), (120, (41, 18)), (120, (46, 19)), (120, (42, 20))]
[(118, (46, 24)), (120, (14, 30)), (120, (0, 0)), (120, (31, 10)), (120, (28, 23)), (120, (9, 20)), (120, (25, 0)), (120, (36, 7)), (120, (42, 26)), (120, (36, 13)), (120, (41, 18)), (120, (46, 19)), (120, (42, 20))]
[(120, (0, 0)), (120, (14, 30)), (120, (9, 20)), (120, (31, 10)), (120, (28, 23)), (120, (42, 20)), (120, (25, 0)), (120, (36, 7)), (120, (42, 26)), (120, (36, 13)), (120, (41, 18)), (120, (46, 19))]
[(120, (9, 20)), (120, (14, 30)), (120, (25, 0)), (120, (31, 10)), (120, (28, 23)), (120, (42, 20)), (120, (46, 19)), (120, (36, 7)), (120, (42, 26)), (120, (36, 13)), (120, (41, 18))]
[(120, (14, 30)), (120, (28, 23)), (120, (25, 0)), (120, (31, 10)), (120, (36, 13)), (120, (42, 20)), (120, (46, 19)), (120, (36, 7)), (120, (42, 26)), (120, (41, 18)), (122, (8, 20))]
[(120, (25, 0)), (120, (28, 23)), (120, (42, 20)), (120, (31, 10)), (120, (36, 13)), (122, (8, 20)), (120, (46, 19)), (120, (36, 7)), (120, (42, 26)), (120, (41, 18)), (122, (13, 30))]
[(120, (28, 23)), (120, (31, 10)), (120, (42, 20)), (120, (36, 7)), (120, (36, 13)), (122, (8, 20)), (120, (46, 19)), (122, (13, 30)), (120, (42, 26)), (120, (41, 18)), (122, (24, 0))]
[(120, (31, 10)), (120, (36, 7)), (120, (42, 20)), (120, (42, 26)), (120, (36, 13)), (122, (8, 20)), (120, (46, 19)), (122, (13, 30)), (122, (24, 0)), (120, (41, 18)), (122, (28, 22))]
[(120, (36, 7)), (120, (36, 13)), (120, (42, 20)), (120, (42, 26)), (120, (41, 18)), (122, (8, 20)), (120, (46, 19)), (122, (13, 30)), (122, (24, 0)), (122, (28, 22)), (122, (30, 10))]
[(120, (36, 13)), (120, (41, 18)), (120, (42, 20)), (120, (42, 26)), (122, (28, 22)), (122, (8, 20)), (120, (46, 19)), (122, (13, 30)), (122, (24, 0)), (122, (30, 10)), (122, (36, 6))]
[(120, (41, 18)), (120, (42, 26)), (120, (42, 20)), (122, (13, 30)), (122, (28, 22)), (122, (8, 20)), (120, (46, 19)), (122, (36, 6)), (122, (24, 0)), (122, (30, 10)), (122, (36, 12))]
[(120, (42, 20)), (120, (42, 26)), (120, (46, 19)), (122, (13, 30)), (122, (28, 22)), (122, (8, 20)), (122, (36, 12)), (122, (36, 6)), (122, (24, 0)), (122, (30, 10)), (122, (40, 18))]
[(120, (42, 26)), (122, (13, 30)), (120, (46, 19)), (122, (24, 0)), (122, (28, 22)), (122, (8, 20)), (122, (36, 12)), (122, (36, 6)), (122, (40, 18)), (122, (30, 10)), (122, (41, 20))]
[(120, (43, 26)), (120, (46, 19)), (122, (8, 20)), (122, (24, 0)), (122, (13, 30)), (122, (41, 20)), (122, (36, 12)), (122, (36, 6)), (122, (40, 18)), (122, (30, 10)), (122, (28, 22))]
[(120, (44, 26)), (120, (46, 19)), (122, (8, 20)), (122, (24, 0)), (122, (13, 30)), (122, (41, 20)), (122, (36, 12)), (122, (36, 6)), (122, (40, 18)), (122, (30, 10)), (122, (28, 22))]
[(120, (45, 26)), (120, (46, 19)), (122, (8, 20)), (122, (24, 0)), (122, (13, 30)), (122, (41, 20)), (122, (36, 12)), (122, (36, 6)), (122, (40, 18)), (122, (30, 10)), (122, (28, 22))]
[(120, (46, 19)), (120, (46, 26)), (122, (8, 20)), (122, (24, 0)), (122, (13, 30)), (122, (41, 20)), (122, (36, 12)), (122, (36, 6)), (122, (40, 18)), (122, (30, 10)), (122, (28, 22))]
[(120, (46, 26)), (122, (13, 30)), (122, (8, 20)), (122, (24, 0)), (122, (28, 22)), (122, (41, 20)), (122, (36, 12)), (122, (36, 6)), (122, (40, 18)), (122, (30, 10)), (122, (46, 18))]
[(122, (8, 20)), (122, (13, 30)), (122, (36, 12)), (122, (24, 0)), (122, (28, 22)), (122, (41, 20)), (122, (46, 18)), (122, (36, 6)), (122, (40, 18)), (122, (30, 10)), (122, (46, 27))]
[(122, (13, 30)), (122, (24, 0)), (122, (36, 12)), (122, (36, 6)), (122, (28, 22)), (122, (41, 20)), (122, (46, 18)), (122, (46, 27)), (122, (40, 18)), (122, (30, 10)), (124, (7, 20))]
[(122, (24, 0)), (122, (28, 22)), (122, (36, 12)), (122, (36, 6)), (122, (30, 10)), (122, (41, 20)), (122, (46, 18)), (122, (46, 27)), (122, (40, 18)), (124, (7, 20)), (124, (12, 30))]
[(122, (24, 1)), (122, (28, 22)), (122, (36, 12)), (122, (36, 6)), (122, (30, 10)), (122, (41, 20)), (122, (46, 18)), (122, (46, 27)), (122, (40, 18)), (124, (12, 30)), (124, (7, 20))]
[(122, (24, 2)), (122, (28, 22)), (122, (36, 12)), (122, (36, 6)), (122, (30, 10)), (122, (41, 20)), (122, (46, 18)), (122, (46, 27)), (122, (40, 18)), (124, (12, 30)), (124, (7, 20))]
[(122, (24, 3)), (122, (28, 22)), (122, (36, 12)), (122, (36, 6)), (122, (30, 10)), (122, (41, 20)), (122, (46, 18)), (122, (46, 27)), (122, (40, 18)), (124, (12, 30)), (124, (7, 20))]
[(122, (24, 4)), (122, (28, 22)), (122, (36, 12)), (122, (36, 6)), (122, (30, 10)), (122, (41, 20)), (122, (46, 18)), (122, (46, 27)), (122, (40, 18)), (124, (12, 30)), (124, (7, 20))]
[(122, (24, 5)), (122, (28, 22)), (122, (36, 12)), (122, (36, 6)), (122, (30, 10)), (122, (41, 20)), (122, (46, 18)), (122, (46, 27)), (122, (40, 18)), (124, (12, 30)), (124, (7, 20))]
[(122, (24, 6)), (122, (28, 22)), (122, (36, 12)), (122, (36, 6)), (122, (30, 10)), (122, (41, 20)), (122, (46, 18)), (122, (46, 27)), (122, (40, 18)), (124, (12, 30)), (124, (7, 20))]
[(122, (28, 22)), (122, (30, 10)), (122, (36, 12)), (122, (36, 6)), (124, (7, 20)), (122, (41, 20)), (122, (46, 18)), (122, (46, 27)), (122, (40, 18)), (124, (12, 30))]
[(122, (30, 10)), (122, (36, 6)), (122, (36, 12)), (122, (40, 18)), (124, (7, 20)), (122, (41, 20)), (122, (46, 18)), (122, (46, 27)), (124, (12, 30)), (124, (27, 22))]
[(122, (30, 11)), (122, (36, 6)), (122, (36, 12)), (122, (46, 27)), (122, (40, 18)), (122, (41, 20)), (122, (46, 18)), (124, (27, 22)), (124, (12, 30)), (124, (7, 20)), (124, (29, 10))]
[(122, (30, 12)), (122, (36, 6)), (122, (36, 12)), (122, (46, 27)), (122, (40, 18)), (122, (41, 20)), (122, (46, 18)), (124, (27, 22)), (124, (12, 30)), (124, (29, 10)), (124, (7, 20))]
[(122, (30, 13)), (122, (36, 6)), (122, (36, 12)), (122, (46, 27)), (122, (40, 18)), (122, (41, 20)), (122, (46, 18)), (124, (27, 22)), (124, (12, 30)), (124, (29, 10)), (124, (7, 20))]
[(122, (30, 14)), (122, (36, 6)), (122, (36, 12)), (122, (46, 27)), (122, (40, 18)), (122, (41, 20)), (122, (46, 18)), (124, (27, 22)), (124, (12, 30)), (124, (29, 10)), (124, (7, 20))]
[(122, (36, 6)), (122, (40, 18)), (122, (36, 12)), (122, (46, 27)), (124, (7, 20)), (122, (41, 20)), (122, (46, 18)), (124, (27, 22)), (124, (12, 30)), (124, (29, 10)), (124, (29, 14))]
[(122, (36, 12)), (122, (40, 18)), (122, (41, 20)), (122, (46, 27)), (124, (7, 20)), (124, (29, 14)), (122, (46, 18)), (124, (27, 22)), (124, (12, 30)), (124, (29, 10)), (124, (35, 6))]
[(122, (40, 18)), (122, (46, 27)), (122, (41, 20)), (124, (12, 30)), (124, (7, 20)), (124, (29, 14)), (122, (46, 18)), (124, (27, 22)), (124, (35, 6)), (124, (29, 10)), (124, (36, 11))]
[(122, (40, 19)), (122, (41, 20)), (122, (46, 18)), (124, (12, 30)), (122, (46, 27)), (124, (29, 14)), (124, (36, 11)), (124, (27, 22)), (124, (35, 6)), (124, (29, 10)), (124, (7, 20)), (124, (39, 18))]
[(122, (40, 20)), (122, (46, 27)), (122, (41, 20)), (124, (12, 30)), (124, (7, 20)), (122, (46, 18)), (124, (36, 11)), (124, (27, 22)), (124, (35, 6)), (124, (29, 10)), (124, (39, 18)), (124, (29, 14))]
[(122, (41, 20)), (122, (46, 27)), (122, (46, 18)), (124, (12, 30)), (124, (7, 20)), (124, (29, 14)), (124, (36, 11)), (124, (27, 22)), (124, (35, 6)), (124, (29, 10)), (124, (39, 18))]
[(122, (46, 18)), (122, (46, 27)), (124, (29, 14)), (124, (12, 30)), (124, (7, 20)), (124, (39, 18)), (124, (36, 11)), (124, (27, 22)), (124, (35, 6)), (124, (29, 10))]
[(122, (46, 27)), (124, (7, 20)), (124, (29, 14)), (124, (12, 30)), (124, (29, 10)), (124, (39, 18)), (124, (36, 11)), (124, (27, 22)), (124, (35, 6)), (124, (46, 17))]
[(124, (7, 20)), (124, (12, 30)), (124, (29, 14)), (124, (27, 22)), (124, (29, 10)), (124, (39, 18)), (124, (36, 11)), (124, (46, 17)), (124, (35, 6)), (124, (46, 28))]
[(124, (12, 30)), (124, (27, 22)), (124, (29, 14)), (124, (35, 6)), (124, (29, 10)), (124, (39, 18)), (124, (36, 11)), (124, (46, 17)), (124, (46, 28)), (126, (6, 20))]
[(124, (27, 22)), (124, (29, 10)), (124, (29, 14)), (124, (35, 6)), (126, (6, 20)), (124, (39, 18)), (124, (36, 11)), (124, (46, 17)), (124, (46, 28)), (126, (11, 30))]
[(124, (29, 10)), (124, (35, 6)), (124, (29, 14)), (124, (46, 17)), (126, (6, 20)), (124, (39, 18)), (124, (36, 11)), (126, (11, 30)), (124, (46, 28)), (126, (26, 22))]
[(124, (29, 14)), (124, (35, 6)), (124, (36, 11)), (124, (46, 17)), (126, (6, 20)), (124, (39, 18)), (126, (26, 22)), (126, (11, 30)), (124, (46, 28)), (126, (28, 10))]
[(124, (35, 6)), (124, (46, 17)), (124, (36, 11)), (124, (46, 28)), (126, (6, 20)), (124, (39, 18)), (126, (26, 22)), (126, (11, 30)), (126, (28, 10)), (126, (28, 14))]
[(124, (36, 11)), (124, (46, 17)), (124, (39, 18)), (124, (46, 28)), (126, (6, 20)), (126, (28, 14)), (126, (26, 22)), (126, (11, 30)), (126, (28, 10)), (126, (34, 6))]
[(124, (39, 18)), (124, (46, 17)), (126, (26, 22)), (124, (46, 28)), (126, (6, 20)), (126, (28, 14)), (126, (34, 6)), (126, (11, 30)), (126, (28, 10)), (126, (36, 10))]
[(124, (46, 17)), (124, (46, 28)), (126, (26, 22)), (126, (11, 30)), (126, (6, 20)), (126, (28, 14)), (126, (34, 6)), (126, (36, 10)), (126, (28, 10)), (126, (38, 18))]
[(124, (46, 28)), (126, (6, 20)), (126, (26, 22)), (126, (11, 30)), (126, (38, 18)), (126, (28, 14)), (126, (34, 6)), (126, (36, 10)), (126, (28, 10)), (126, (46, 16))]
[(126, (6, 20)), (126, (11, 30)), (126, (26, 22)), (126, (28, 10)), (126, (38, 18)), (126, (28, 14)), (126, (34, 6)), (126, (36, 10)), (126, (46, 16)), (126, (46, 29))]
[(126, (11, 30)), (126, (28, 10)), (126, (26, 22)), (126, (36, 10)), (126, (38, 18)), (126, (28, 14)), (126, (34, 6)), (126, (46, 29)), (126, (46, 16)), (128, (6, 19))]
[(126, (26, 22)), (126, (28, 10)), (126, (28, 14)), (126, (36, 10)), (126, (38, 18)), (128, (6, 19)), (126, (34, 6)), (126, (46, 29)), (126, (46, 16)), (128, (10, 30))]
[(126, (28, 10)), (126, (36, 10)), (126, (28, 14)), (126, (46, 16)), (126, (38, 18)), (128, (6, 19)), (126, (34, 6)), (126, (46, 29)), (128, (10, 30)), (128, (26, 21))]
[(126, (28, 14)), (126, (36, 10)), (126, (34, 6)), (126, (46, 16)), (126, (38, 18)), (128, (6, 19)), (128, (26, 21)), (126, (46, 29)), (128, (10, 30)), (128, (27, 10))]
[(126, (34, 6)), (126, (36, 10)), (128, (6, 19)), (126, (46, 16)), (126, (38, 18)), (128, (27, 10)), (128, (26, 21)), (126, (46, 29)), (128, (10, 30)), (128, (28, 13))]
[(126, (36, 10)), (126, (38, 18)), (128, (6, 19)), (126, (46, 16)), (128, (28, 13)), (128, (27, 10)), (128, (26, 21)), (126, (46, 29)), (128, (10, 30)), (128, (33, 6))]
[(126, (38, 18)), (126, (46, 16)), (128, (6, 19)), (126, (46, 29)), (128, (28, 13)), (128, (27, 10)), (128, (26, 21)), (128, (33, 6)), (128, (10, 30)), (128, (35, 10))]
[(126, (38, 19)), (126, (46, 16)), (128, (6, 19)), (128, (10, 30)), (126, (46, 29)), (128, (27, 10)), (128, (26, 21)), (128, (33, 6)), (128, (35, 10)), (128, (28, 13))]
[(126, (38, 20)), (126, (46, 16)), (128, (6, 19)), (128, (10, 30)), (126, (46, 29)), (128, (27, 10)), (128, (26, 21)), (128, (33, 6)), (128, (35, 10)), (128, (28, 13))]
[(126, (46, 16)), (126, (46, 29)), (128, (6, 19)), (128, (10, 30)), (128, (28, 13)), (128, (27, 10)), (128, (26, 21)), (128, (33, 6)), (128, (35, 10)), (128, (37, 20))]
[(126, (46, 29)), (128, (10, 30)), (128, (6, 19)), (128, (33, 6)), (128, (28, 13)), (128, (27, 10)), (128, (26, 21)), (128, (37, 20)), (128, (35, 10)), (128, (46, 15))]
[(128, (6, 19)), (128, (10, 30)), (128, (26, 21)), (128, (33, 6)), (128, (28, 13)), (128, (27, 10)), (128, (46, 15)), (128, (37, 20)), (128, (35, 10)), (128, (46, 30))]
[(128, (10, 30)), (128, (28, 13)), (128, (26, 21)), (128, (33, 6)), (128, (46, 30)), (128, (27, 10)), (128, (46, 15)), (128, (37, 20)), (128, (35, 10)), (130, (6, 18))]
[(128, (10, 29)), (128, (26, 21)), (128, (27, 10)), (128, (33, 6)), (128, (28, 13)), (130, (6, 18)), (128, (46, 15)), (128, (37, 20)), (128, (35, 10)), (128, (46, 30)), (130, (9, 30))]
[(128, (10, 28)), (128, (26, 21)), (128, (27, 10)), (128, (33, 6)), (128, (28, 13)), (130, (6, 18)), (128, (46, 15)), (128, (37, 20)), (128, (35, 10)), (130, (9, 30)), (128, (46, 30))]
[(128, (10, 27)), (128, (26, 21)), (128, (27, 10)), (128, (33, 6)), (128, (28, 13)), (130, (6, 18)), (128, (46, 15)), (128, (37, 20)), (128, (35, 10)), (130, (9, 30)), (128, (46, 30))]
[(128, (10, 26)), (128, (26, 21)), (128, (27, 10)), (128, (33, 6)), (128, (28, 13)), (130, (6, 18)), (128, (46, 15)), (128, (37, 20)), (128, (35, 10)), (130, (9, 30)), (128, (46, 30))]
[(128, (26, 21)), (128, (28, 13)), (128, (27, 10)), (128, (33, 6)), (128, (46, 30)), (130, (6, 18)), (128, (46, 15)), (128, (37, 20)), (128, (35, 10)), (130, (9, 30)), (130, (9, 26))]
[(128, (27, 10)), (128, (28, 13)), (128, (46, 15)), (128, (33, 6)), (128, (46, 30)), (130, (6, 18)), (130, (9, 26)), (128, (37, 20)), (128, (35, 10)), (130, (9, 30)), (130, (26, 20))]
[(128, (28, 13)), (128, (33, 6)), (128, (46, 15)), (128, (35, 10)), (128, (46, 30)), (130, (6, 18)), (130, (9, 26)), (128, (37, 20)), (130, (26, 20)), (130, (9, 30)), (130, (26, 10))]
[(128, (33, 6)), (128, (35, 10)), (128, (46, 15)), (128, (37, 20)), (128, (46, 30)), (130, (6, 18)), (130, (9, 26)), (130, (26, 10)), (130, (26, 20)), (130, (9, 30)), (130, (28, 12))]
[(128, (35, 10)), (128, (37, 20)), (128, (46, 15)), (130, (26, 10)), (128, (46, 30)), (130, (6, 18)), (130, (9, 26)), (130, (28, 12)), (130, (26, 20)), (130, (9, 30)), (130, (32, 6))]
[(128, (37, 20)), (128, (46, 30)), (128, (46, 15)), (130, (26, 10)), (130, (9, 30)), (130, (6, 18)), (130, (9, 26)), (130, (28, 12)), (130, (26, 20)), (130, (32, 6)), (130, (34, 10))]
[(128, (46, 15)), (128, (46, 30)), (130, (6, 18)), (130, (26, 10)), (130, (9, 30)), (130, (34, 10)), (130, (9, 26)), (130, (28, 12)), (130, (26, 20)), (130, (32, 6)), (130, (36, 20))]
[(128, (46, 30)), (128, (47, 15)), (130, (6, 18)), (130, (26, 10)), (130, (9, 30)), (130, (34, 10)), (130, (9, 26)), (130, (28, 12)), (130, (26, 20)), (130, (36, 20)), (130, (32, 6)), (130, (46, 14))]
[(128, (47, 15)), (130, (9, 30)), (128, (47, 30)), (130, (26, 10)), (130, (32, 6)), (130, (6, 18)), (130, (9, 26)), (130, (28, 12)), (130, (26, 20)), (130, (36, 20)), (130, (46, 14)), (130, (34, 10))]
[(128, (47, 30)), (130, (9, 30)), (130, (6, 18)), (130, (26, 10)), (130, (32, 6)), (130, (34, 10)), (130, (9, 26)), (130, (28, 12)), (130, (26, 20)), (130, (36, 20)), (130, (46, 14))]
[(128, (48, 30)), (130, (6, 18)), (130, (9, 26)), (130, (26, 10)), (130, (9, 30)), (130, (34, 10)), (130, (46, 14)), (130, (28, 12)), (130, (26, 20)), (130, (36, 20)), (130, (32, 6))]
[(128, (49, 30)), (130, (6, 18)), (130, (9, 26)), (130, (26, 10)), (130, (9, 30)), (130, (34, 10)), (130, (46, 14)), (130, (28, 12)), (130, (26, 20)), (130, (36, 20)), (130, (32, 6))]
[(128, (50, 30)), (130, (6, 18)), (130, (9, 26)), (130, (26, 10)), (130, (9, 30)), (130, (34, 10)), (130, (46, 14)), (130, (28, 12)), (130, (26, 20)), (130, (36, 20)), (130, (32, 6))]
[(128, (51, 30)), (130, (6, 18)), (130, (9, 26)), (130, (26, 10)), (130, (9, 30)), (130, (34, 10)), (130, (46, 14)), (130, (28, 12)), (130, (26, 20)), (130, (36, 20)), (130, (32, 6))]
[(128, (52, 30)), (130, (6, 18)), (130, (9, 26)), (130, (26, 10)), (130, (9, 30)), (130, (34, 10)), (130, (46, 14)), (130, (28, 12)), (130, (26, 20)), (130, (36, 20)), (130, (32, 6))]
[(128, (53, 30)), (130, (6, 18)), (130, (9, 26)), (130, (26, 10)), (130, (9, 30)), (130, (34, 10)), (130, (46, 14)), (130, (28, 12)), (130, (26, 20)), (130, (36, 20)), (130, (32, 6))]
[(128, (54, 30)), (130, (6, 18)), (130, (9, 26)), (130, (26, 10)), (130, (9, 30)), (130, (34, 10)), (130, (46, 14)), (130, (28, 12)), (130, (26, 20)), (130, (36, 20)), (130, (32, 6))]
[(128, (54, 29)), (130, (6, 18)), (130, (9, 26)), (130, (26, 10)), (130, (9, 30)), (130, (34, 10)), (130, (46, 14)), (130, (28, 12)), (130, (26, 20)), (130, (36, 20)), (130, (32, 6))]
[(128, (54, 28)), (130, (6, 18)), (130, (9, 26)), (130, (26, 10)), (130, (9, 30)), (130, (34, 10)), (130, (46, 14)), (130, (28, 12)), (130, (26, 20)), (130, (36, 20)), (130, (32, 6))]
[(128, (55, 28)), (130, (6, 18)), (130, (9, 26)), (130, (26, 10)), (130, (9, 30)), (130, (34, 10)), (130, (46, 14)), (130, (28, 12)), (130, (26, 20)), (130, (36, 20)), (130, (32, 6))]
[(128, (55, 27)), (130, (6, 18)), (128, (56, 28)), (130, (26, 10)), (130, (9, 30)), (130, (9, 26)), (130, (46, 14)), (130, (28, 12)), (130, (26, 20)), (130, (36, 20)), (130, (32, 6)), (130, (34, 10))]
[(128, (55, 26)), (130, (6, 18)), (128, (56, 28)), (130, (26, 10)), (130, (9, 30)), (130, (9, 26)), (130, (46, 14)), (130, (28, 12)), (130, (26, 20)), (130, (36, 20)), (130, (32, 6)), (130, (34, 10))]
[(128, (56, 26)), (130, (6, 18)), (128, (56, 28)), (130, (26, 10)), (130, (9, 30)), (130, (9, 26)), (130, (46, 14)), (130, (28, 12)), (130, (26, 20)), (130, (36, 20)), (130, (32, 6)), (130, (34, 10)), (130, (54, 26))]
[(128, (56, 28)), (130, (6, 18)), (128, (57, 26)), (130, (26, 10)), (130, (9, 30)), (130, (9, 26)), (130, (46, 14)), (130, (28, 12)), (130, (26, 20)), (130, (36, 20)), (130, (32, 6)), (130, (54, 26)), (130, (34, 10))]
[(128, (57, 26)), (130, (6, 18)), (130, (9, 26)), (130, (26, 10)), (130, (9, 30)), (130, (34, 10)), (130, (46, 14)), (130, (28, 12)), (130, (26, 20)), (130, (36, 20)), (130, (32, 6)), (130, (54, 26)), (130, (56, 29))]
[(128, (58, 26)), (130, (9, 30)), (130, (6, 18)), (130, (26, 10)), (130, (32, 6)), (130, (9, 26)), (130, (46, 14)), (130, (28, 12)), (130, (26, 20)), (130, (36, 20)), (130, (56, 29)), (130, (54, 26)), (130, (34, 10))]
[(130, (6, 18)), (130, (9, 30)), (130, (9, 26)), (130, (26, 10)), (130, (32, 6)), (130, (34, 10)), (130, (46, 14)), (130, (28, 12)), (130, (26, 20)), (130, (36, 20)), (130, (56, 29)), (130, (54, 26)), (130, (58, 27))]
[(130, (7, 18)), (130, (9, 30)), (130, (9, 26)), (130, (26, 10)), (130, (32, 6)), (130, (34, 10)), (130, (46, 14)), (130, (28, 12)), (130, (26, 20)), (130, (36, 20)), (130, (56, 29)), (130, (58, 27)), (130, (54, 26)), (132, (5, 18))]
[(130, (8, 18)), (130, (9, 30)), (130, (9, 26)), (130, (26, 10)), (130, (32, 6)), (130, (54, 26)), (130, (34, 10)), (130, (28, 12)), (130, (26, 20)), (130, (36, 20)), (130, (56, 29)), (130, (58, 27)), (132, (5, 18)), (130, (46, 14))]
[(130, (9, 26)), (130, (9, 30)), (130, (34, 10)), (130, (26, 10)), (130, (32, 6)), (130, (54, 26)), (130, (46, 14)), (130, (28, 12)), (130, (26, 20)), (130, (36, 20)), (130, (56, 29)), (130, (58, 27)), (132, (5, 18))]
[(130, (9, 30)), (130, (26, 10)), (130, (34, 10)), (130, (26, 20)), (130, (32, 6)), (130, (54, 26)), (130, (46, 14)), (130, (28, 12)), (132, (5, 18)), (130, (36, 20)), (130, (56, 29)), (130, (58, 27)), (132, (8, 26))]
[(130, (26, 10)), (130, (26, 20)), (130, (34, 10)), (130, (28, 12)), (130, (32, 6)), (130, (54, 26)), (130, (46, 14)), (132, (8, 26)), (132, (5, 18)), (130, (36, 20)), (130, (56, 29)), (130, (58, 27)), (132, (8, 30))]
[(130, (26, 20)), (130, (28, 12)), (130, (34, 10)), (132, (5, 18)), (130, (32, 6)), (130, (54, 26)), (130, (46, 14)), (132, (8, 26)), (132, (8, 30)), (130, (36, 20)), (130, (56, 29)), (130, (58, 27))]
[(130, (27, 20)), (130, (32, 6)), (130, (28, 12)), (132, (5, 18)), (130, (36, 20)), (130, (34, 10)), (130, (46, 14)), (132, (8, 26)), (132, (8, 30)), (130, (58, 27)), (130, (56, 29)), (130, (54, 26)), (132, (25, 20))]
[(130, (28, 12)), (130, (32, 6)), (130, (28, 20)), (132, (5, 18)), (130, (36, 20)), (130, (34, 10)), (130, (46, 14)), (132, (8, 26)), (132, (8, 30)), (130, (58, 27)), (130, (56, 29)), (132, (25, 20)), (130, (54, 26))]
[(130, (28, 20)), (130, (32, 6)), (130, (34, 10)), (132, (5, 18)), (130, (36, 20)), (130, (54, 26)), (130, (46, 14)), (132, (8, 26)), (132, (8, 30)), (130, (58, 27)), (130, (56, 29)), (132, (25, 20)), (132, (27, 12))]
[(130, (32, 6)), (130, (36, 20)), (130, (34, 10)), (132, (5, 18)), (130, (56, 29)), (130, (54, 26)), (130, (46, 14)), (132, (8, 26)), (132, (8, 30)), (130, (58, 27)), (132, (27, 12)), (132, (25, 20)), (132, (28, 19))]
[(130, (34, 10)), (130, (36, 20)), (130, (46, 14)), (132, (5, 18)), (130, (56, 29)), (130, (54, 26)), (132, (28, 19)), (132, (8, 26)), (132, (8, 30)), (130, (58, 27)), (132, (27, 12)), (132, (25, 20)), (132, (32, 5))]
[(130, (36, 20)), (130, (56, 29)), (130, (46, 14)), (132, (5, 18)), (130, (58, 27)), (130, (54, 26)), (132, (28, 19)), (132, (8, 26)), (132, (8, 30)), (132, (32, 5)), (132, (27, 12)), (132, (25, 20))]
[(130, (46, 14)), (130, (56, 29)), (130, (54, 26)), (132, (5, 18)), (130, (58, 27)), (132, (25, 20)), (132, (28, 19)), (132, (8, 26)), (132, (8, 30)), (132, (32, 5)), (132, (27, 12)), (132, (36, 19)), (132, (35, 20))]
[(130, (54, 26)), (130, (56, 29)), (132, (25, 20)), (132, (5, 18)), (130, (58, 27)), (132, (35, 20)), (132, (28, 19)), (132, (8, 26)), (132, (8, 30)), (132, (32, 5)), (132, (27, 12)), (132, (36, 19)), (132, (45, 14))]
[(130, (54, 25)), (130, (58, 27)), (130, (56, 29)), (132, (5, 18)), (132, (27, 12)), (132, (25, 20)), (132, (28, 19)), (132, (8, 26)), (132, (8, 30)), (132, (32, 5)), (132, (45, 14)), (132, (36, 19)), (132, (35, 20))]
[(130, (56, 29)), (130, (58, 27)), (132, (25, 20)), (132, (5, 18)), (132, (27, 12)), (132, (35, 20)), (132, (28, 19)), (132, (8, 26)), (132, (8, 30)), (132, (32, 5)), (132, (45, 14)), (132, (36, 19)), (132, (54, 24))]
[(130, (58, 27)), (132, (5, 18)), (132, (25, 20)), (132, (8, 26)), (132, (27, 12)), (132, (35, 20)), (132, (28, 19)), (132, (54, 24)), (132, (8, 30)), (132, (32, 5)), (132, (45, 14)), (132, (36, 19)), (132, (56, 30))]
[(132, (5, 18)), (132, (8, 26)), (132, (25, 20)), (132, (8, 30)), (132, (27, 12)), (132, (35, 20)), (132, (28, 19)), (132, (54, 24)), (132, (56, 30)), (132, (32, 5)), (132, (45, 14)), (132, (36, 19)), (132, (58, 28))]
[(132, (8, 26)), (132, (8, 30)), (132, (25, 20)), (132, (54, 24)), (132, (27, 12)), (132, (35, 20)), (132, (28, 19)), (132, (58, 28)), (132, (56, 30)), (132, (32, 5)), (132, (45, 14)), (132, (36, 19)), (134, (4, 18))]
[(132, (8, 30)), (132, (27, 12)), (132, (25, 20)), (132, (54, 24)), (132, (32, 5)), (132, (35, 20)), (132, (28, 19)), (132, (58, 28)), (132, (56, 30)), (134, (4, 18)), (132, (45, 14)), (132, (36, 19)), (134, (7, 26))]
[(132, (8, 29)), (132, (27, 12)), (132, (25, 20)), (132, (54, 24)), (132, (32, 5)), (132, (28, 19)), (134, (7, 26)), (132, (58, 28)), (132, (56, 30)), (134, (4, 18)), (132, (45, 14)), (132, (36, 19)), (132, (35, 20)), (134, (7, 30))]
[(132, (8, 28)), (132, (27, 12)), (132, (25, 20)), (132, (54, 24)), (132, (32, 5)), (132, (35, 20)), (132, (28, 19)), (132, (58, 28)), (132, (56, 30)), (134, (4, 18)), (132, (45, 14)), (132, (36, 19)), (134, (7, 30)), (134, (7, 26))]
[(132, (25, 20)), (132, (27, 12)), (132, (28, 19)), (132, (54, 24)), (132, (32, 5)), (132, (35, 20)), (134, (7, 26)), (132, (58, 28)), (132, (56, 30)), (134, (4, 18)), (132, (45, 14)), (132, (36, 19)), (134, (7, 30)), (134, (7, 28))]
[(132, (27, 12)), (132, (32, 5)), (132, (28, 19)), (132, (54, 24)), (132, (45, 14)), (132, (35, 20)), (134, (7, 26)), (132, (58, 28)), (132, (56, 30)), (134, (4, 18)), (134, (7, 28)), (132, (36, 19)), (134, (7, 30)), (134, (24, 20))]
[(132, (28, 19)), (132, (32, 5)), (132, (35, 20)), (132, (54, 24)), (132, (45, 14)), (132, (36, 19)), (134, (7, 26)), (132, (58, 28)), (132, (56, 30)), (134, (4, 18)), (134, (7, 28)), (134, (24, 20)), (134, (7, 30)), (134, (26, 12))]
[(132, (32, 5)), (132, (45, 14)), (132, (35, 20)), (132, (54, 24)), (134, (4, 18)), (132, (36, 19)), (134, (7, 26)), (132, (58, 28)), (132, (56, 30)), (134, (26, 12)), (134, (7, 28)), (134, (24, 20)), (134, (7, 30)), (134, (28, 18))]
[(132, (35, 20)), (132, (45, 14)), (132, (36, 19)), (132, (54, 24)), (134, (4, 18)), (134, (7, 30)), (134, (7, 26)), (132, (58, 28)), (132, (56, 30)), (134, (26, 12)), (134, (7, 28)), (134, (24, 20)), (134, (28, 18)), (134, (32, 4))]
[(132, (36, 19)), (132, (45, 14)), (134, (7, 26)), (132, (54, 24)), (134, (4, 18)), (134, (7, 30)), (134, (32, 4)), (132, (58, 28)), (132, (56, 30)), (134, (26, 12)), (134, (7, 28)), (134, (24, 20)), (134, (28, 18)), (134, (34, 20))]
[(132, (45, 14)), (132, (54, 24)), (134, (7, 26)), (132, (56, 30)), (134, (4, 18)), (134, (7, 30)), (134, (32, 4)), (132, (58, 28)), (134, (34, 20)), (134, (26, 12)), (134, (7, 28)), (134, (24, 20)), (134, (28, 18)), (134, (36, 18))]
[(132, (54, 24)), (132, (56, 30)), (134, (7, 26)), (132, (58, 28)), (134, (4, 18)), (134, (7, 30)), (134, (32, 4)), (134, (36, 18)), (134, (34, 20)), (134, (26, 12)), (134, (7, 28)), (134, (24, 20)), (134, (28, 18)), (134, (44, 14))]
[(132, (56, 30)), (132, (58, 28)), (134, (7, 26)), (134, (34, 20)), (134, (4, 18)), (134, (7, 30)), (134, (32, 4)), (134, (36, 18)), (134, (44, 14)), (134, (26, 12)), (134, (7, 28)), (134, (24, 20)), (134, (28, 18)), (134, (53, 24))]
[(132, (57, 30)), (134, (4, 18)), (132, (58, 28)), (134, (34, 20)), (134, (7, 28)), (134, (7, 30)), (134, (7, 26)), (134, (36, 18)), (134, (44, 14)), (134, (26, 12)), (134, (53, 24)), (134, (24, 20)), (134, (28, 18)), (134, (32, 4))]
[(132, (58, 28)), (134, (4, 18)), (132, (58, 30)), (134, (34, 20)), (134, (7, 28)), (134, (7, 30)), (134, (7, 26)), (134, (36, 18)), (134, (44, 14)), (134, (26, 12)), (134, (53, 24)), (134, (24, 20)), (134, (28, 18)), (134, (32, 4))]
[(132, (58, 30)), (134, (4, 18)), (134, (7, 26)), (134, (34, 20)), (134, (7, 28)), (134, (7, 30)), (134, (32, 4)), (134, (36, 18)), (134, (44, 14)), (134, (26, 12)), (134, (53, 24)), (134, (24, 20)), (134, (28, 18)), (134, (58, 29))]
[(132, (58, 29)), (134, (7, 28)), (132, (59, 30)), (134, (34, 20)), (134, (26, 12)), (134, (7, 30)), (134, (4, 18)), (134, (36, 18)), (134, (44, 14)), (134, (58, 29)), (134, (53, 24)), (134, (24, 20)), (134, (28, 18)), (134, (32, 4)), (134, (7, 26))]
[(132, (59, 30)), (134, (7, 28)), (134, (4, 18)), (134, (34, 20)), (134, (26, 12)), (134, (7, 30)), (134, (7, 26)), (134, (36, 18)), (134, (44, 14)), (134, (58, 29)), (134, (53, 24)), (134, (24, 20)), (134, (28, 18)), (134, (32, 4))]
[(132, (60, 30)), (134, (7, 28)), (134, (4, 18)), (134, (34, 20)), (134, (26, 12)), (134, (7, 30)), (134, (7, 26)), (134, (36, 18)), (134, (44, 14)), (134, (58, 29)), (134, (53, 24)), (134, (24, 20)), (134, (28, 18)), (134, (32, 4))]
[(132, (60, 29)), (134, (7, 28)), (134, (4, 18)), (134, (34, 20)), (134, (26, 12)), (134, (7, 30)), (134, (7, 26)), (134, (36, 18)), (134, (44, 14)), (134, (58, 29)), (134, (53, 24)), (134, (24, 20)), (134, (28, 18)), (134, (32, 4))]
[(132, (60, 28)), (134, (7, 28)), (134, (4, 18)), (134, (34, 20)), (134, (26, 12)), (134, (7, 30)), (134, (7, 26)), (134, (36, 18)), (134, (44, 14)), (134, (58, 29)), (134, (53, 24)), (134, (24, 20)), (134, (28, 18)), (134, (32, 4))]
[(132, (61, 28)), (134, (7, 28)), (134, (4, 18)), (134, (34, 20)), (134, (26, 12)), (134, (7, 30)), (134, (7, 26)), (134, (36, 18)), (134, (44, 14)), (134, (58, 29)), (134, (53, 24)), (134, (24, 20)), (134, (28, 18)), (134, (32, 4))]
[(134, (4, 18)), (134, (7, 28)), (134, (7, 26)), (134, (34, 20)), (134, (26, 12)), (134, (7, 30)), (134, (32, 4)), (134, (36, 18)), (134, (44, 14)), (134, (58, 29)), (134, (53, 24)), (134, (24, 20)), (134, (28, 18)), (134, (62, 28))]
[(134, (4, 19)), (134, (7, 28)), (134, (7, 26)), (134, (34, 20)), (134, (26, 12)), (134, (24, 20)), (134, (7, 30)), (134, (36, 18)), (134, (44, 14)), (134, (58, 29)), (134, (53, 24)), (134, (62, 28)), (134, (28, 18)), (134, (32, 4))]
[(134, (4, 20)), (134, (7, 28)), (134, (7, 26)), (134, (34, 20)), (134, (26, 12)), (134, (24, 20)), (134, (7, 30)), (134, (36, 18)), (134, (44, 14)), (134, (58, 29)), (134, (53, 24)), (134, (62, 28)), (134, (28, 18)), (134, (32, 4))]
[(134, (7, 26)), (134, (7, 28)), (134, (7, 30)), (134, (34, 20)), (134, (26, 12)), (134, (24, 20)), (134, (32, 4)), (134, (36, 18)), (134, (44, 14)), (134, (58, 29)), (134, (53, 24)), (134, (62, 28)), (134, (28, 18)), (136, (3, 20))]
[(134, (7, 28)), (134, (26, 12)), (134, (7, 30)), (134, (34, 20)), (134, (53, 24)), (134, (24, 20)), (134, (32, 4)), (134, (36, 18)), (134, (44, 14)), (134, (58, 29)), (136, (3, 20)), (134, (62, 28)), (134, (28, 18)), (136, (6, 26))]
[(134, (7, 30)), (134, (26, 12)), (134, (24, 20)), (134, (34, 20)), (134, (53, 24)), (134, (28, 18)), (134, (32, 4)), (134, (36, 18)), (134, (44, 14)), (134, (58, 29)), (136, (3, 20)), (134, (62, 28)), (136, (6, 26)), (136, (6, 28))]
[(134, (24, 20)), (134, (26, 12)), (134, (28, 18)), (134, (34, 20)), (134, (53, 24)), (134, (62, 28)), (134, (32, 4)), (134, (36, 18)), (134, (44, 14)), (134, (58, 29)), (136, (3, 20)), (136, (6, 28)), (136, (6, 26)), (136, (6, 30))]
[(134, (24, 21)), (134, (34, 20)), (134, (26, 12)), (134, (36, 18)), (134, (53, 24)), (134, (62, 28)), (134, (28, 18)), (136, (6, 30)), (134, (44, 14)), (134, (58, 29)), (136, (3, 20)), (136, (6, 28)), (136, (6, 26)), (134, (32, 4))]
[(134, (24, 22)), (134, (34, 20)), (134, (26, 12)), (134, (36, 18)), (134, (53, 24)), (134, (62, 28)), (134, (28, 18)), (136, (6, 30)), (134, (44, 14)), (134, (58, 29)), (136, (3, 20)), (136, (6, 28)), (136, (6, 26)), (134, (32, 4))]
[(134, (24, 23)), (134, (34, 20)), (134, (26, 12)), (134, (36, 18)), (134, (53, 24)), (134, (62, 28)), (134, (28, 18)), (136, (6, 30)), (134, (44, 14)), (134, (58, 29)), (136, (3, 20)), (136, (6, 28)), (136, (6, 26)), (134, (32, 4))]
[(134, (24, 24)), (134, (34, 20)), (134, (26, 12)), (134, (36, 18)), (134, (53, 24)), (134, (62, 28)), (134, (28, 18)), (136, (6, 30)), (134, (44, 14)), (134, (58, 29)), (136, (3, 20)), (136, (6, 28)), (136, (6, 26)), (134, (32, 4))]
[(134, (25, 24)), (134, (34, 20)), (134, (26, 12)), (134, (36, 18)), (134, (53, 24)), (134, (62, 28)), (134, (28, 18)), (136, (6, 30)), (134, (44, 14)), (134, (58, 29)), (136, (3, 20)), (136, (6, 28)), (136, (6, 26)), (134, (32, 4)), (136, (23, 24))]
[(134, (26, 12)), (134, (34, 20)), (134, (26, 24)), (134, (36, 18)), (134, (53, 24)), (134, (62, 28)), (134, (28, 18)), (136, (6, 30)), (134, (44, 14)), (134, (58, 29)), (136, (3, 20)), (136, (6, 28)), (136, (6, 26)), (136, (23, 24)), (134, (32, 4))]
[(134, (26, 13)), (134, (34, 20)), (134, (26, 24)), (134, (36, 18)), (134, (53, 24)), (134, (62, 28)), (134, (28, 18)), (136, (6, 30)), (134, (44, 14)), (134, (58, 29)), (136, (3, 20)), (136, (6, 28)), (136, (6, 26)), (136, (23, 24)), (134, (32, 4))]
[(134, (26, 14)), (134, (34, 20)), (134, (26, 24)), (134, (36, 18)), (134, (53, 24)), (134, (62, 28)), (134, (28, 18)), (136, (6, 30)), (134, (44, 14)), (134, (58, 29)), (136, (3, 20)), (136, (6, 28)), (136, (6, 26)), (136, (23, 24)), (134, (32, 4))]
[(134, (26, 15)), (134, (34, 20)), (134, (26, 24)), (134, (36, 18)), (134, (53, 24)), (134, (62, 28)), (134, (28, 18)), (136, (6, 30)), (134, (44, 14)), (134, (58, 29)), (136, (3, 20)), (136, (6, 28)), (136, (6, 26)), (136, (23, 24)), (134, (32, 4))]
[(134, (26, 16)), (134, (34, 20)), (134, (26, 24)), (134, (36, 18)), (134, (53, 24)), (134, (62, 28)), (134, (28, 18)), (136, (6, 30)), (134, (44, 14)), (134, (58, 29)), (136, (3, 20)), (136, (6, 28)), (136, (6, 26)), (136, (23, 24)), (134, (32, 4))]
[(134, (26, 17)), (134, (34, 20)), (134, (26, 24)), (134, (36, 18)), (134, (53, 24)), (134, (62, 28)), (134, (28, 18)), (136, (6, 30)), (134, (44, 14)), (134, (58, 29)), (136, (3, 20)), (136, (6, 28)), (136, (6, 26)), (136, (23, 24)), (134, (32, 4))]
[(134, (26, 18)), (134, (34, 20)), (134, (26, 24)), (134, (36, 18)), (134, (53, 24)), (134, (62, 28)), (134, (28, 18)), (136, (6, 30)), (134, (44, 14)), (134, (58, 29)), (136, (3, 20)), (136, (6, 28)), (136, (6, 26)), (136, (23, 24)), (134, (32, 4))]
[(134, (26, 24)), (134, (34, 20)), (134, (27, 18)), (134, (36, 18)), (134, (53, 24)), (134, (62, 28)), (134, (28, 18)), (136, (6, 30)), (134, (44, 14)), (134, (58, 29)), (136, (3, 20)), (136, (6, 28)), (136, (6, 26)), (136, (23, 24)), (134, (32, 4))]
[(134, (27, 18)), (134, (34, 20)), (134, (28, 18)), (134, (36, 18)), (134, (53, 24)), (134, (62, 28)), (134, (32, 4)), (136, (6, 30)), (134, (44, 14)), (134, (58, 29)), (136, (3, 20)), (136, (6, 28)), (136, (6, 26)), (136, (23, 24))]
[(134, (28, 18)), (134, (34, 20)), (134, (32, 4)), (134, (36, 18)), (134, (53, 24)), (134, (62, 28)), (136, (23, 24)), (136, (6, 30)), (134, (44, 14)), (134, (58, 29)), (136, (3, 20)), (136, (6, 28)), (136, (6, 26))]
[(134, (32, 4)), (134, (34, 20)), (134, (62, 28)), (134, (36, 18)), (134, (53, 24)), (136, (6, 26)), (136, (23, 24)), (136, (6, 30)), (134, (44, 14)), (134, (58, 29)), (136, (3, 20)), (136, (6, 28))]
[(134, (34, 20)), (134, (36, 18)), (134, (62, 28)), (134, (44, 14)), (134, (53, 24)), (136, (6, 26)), (136, (23, 24)), (136, (6, 30)), (136, (6, 28)), (134, (58, 29)), (136, (3, 20)), (136, (31, 4))]
[(134, (34, 21)), (134, (44, 14)), (134, (36, 18)), (136, (6, 28)), (134, (53, 24)), (134, (62, 28)), (136, (23, 24)), (136, (6, 30)), (136, (31, 4)), (134, (58, 29)), (136, (3, 20)), (136, (6, 26)), (136, (34, 19))]
[(134, (34, 22)), (134, (44, 14)), (134, (36, 18)), (136, (6, 28)), (134, (53, 24)), (134, (62, 28)), (136, (23, 24)), (136, (6, 30)), (136, (31, 4)), (134, (58, 29)), (136, (3, 20)), (136, (34, 19)), (136, (6, 26))]
[(134, (34, 23)), (134, (44, 14)), (134, (36, 18)), (136, (6, 28)), (134, (53, 24)), (134, (62, 28)), (136, (23, 24)), (136, (6, 30)), (136, (31, 4)), (134, (58, 29)), (136, (3, 20)), (136, (34, 19)), (136, (6, 26)), (136, (33, 22))]
[(134, (34, 24)), (134, (44, 14)), (134, (36, 18)), (136, (6, 28)), (134, (53, 24)), (136, (6, 26)), (134, (62, 28)), (136, (6, 30)), (136, (31, 4)), (134, (58, 29)), (136, (3, 20)), (136, (34, 19)), (136, (33, 22)), (136, (23, 24))]
[(134, (34, 25)), (134, (44, 14)), (134, (36, 18)), (136, (6, 28)), (134, (53, 24)), (136, (6, 26)), (134, (62, 28)), (136, (6, 30)), (136, (31, 4)), (134, (58, 29)), (136, (3, 20)), (136, (34, 19)), (136, (33, 22)), (136, (23, 24))]
[(134, (36, 18)), (134, (44, 14)), (134, (62, 28)), (136, (6, 28)), (134, (53, 24)), (136, (6, 26)), (136, (23, 24)), (136, (6, 30)), (136, (31, 4)), (134, (58, 29)), (136, (3, 20)), (136, (34, 19)), (136, (33, 22)), (136, (34, 26))]
[(134, (44, 14)), (134, (53, 24)), (134, (62, 28)), (136, (6, 28)), (134, (58, 29)), (136, (6, 26)), (136, (23, 24)), (136, (6, 30)), (136, (31, 4)), (136, (34, 26)), (136, (3, 20)), (136, (34, 19)), (136, (33, 22)), (136, (35, 18))]
[(134, (44, 15)), (134, (58, 29)), (134, (53, 24)), (136, (6, 28)), (136, (3, 20)), (136, (6, 26)), (134, (62, 28)), (136, (6, 30)), (136, (31, 4)), (136, (34, 26)), (136, (35, 18)), (136, (34, 19)), (136, (33, 22)), (136, (23, 24)), (136, (43, 14))]
[(134, (44, 16)), (134, (58, 29)), (134, (53, 24)), (136, (6, 28)), (136, (3, 20)), (136, (6, 26)), (134, (62, 28)), (136, (6, 30)), (136, (31, 4)), (136, (34, 26)), (136, (35, 18)), (136, (34, 19)), (136, (33, 22)), (136, (43, 14)), (136, (23, 24))]
[(134, (53, 24)), (134, (58, 29)), (134, (62, 28)), (136, (6, 28)), (136, (3, 20)), (136, (6, 26)), (136, (23, 24)), (136, (6, 30)), (136, (31, 4)), (136, (34, 26)), (136, (35, 18)), (136, (34, 19)), (136, (33, 22)), (136, (43, 14))]
[(134, (58, 29)), (136, (3, 20)), (134, (62, 28)), (136, (6, 28)), (136, (34, 26)), (136, (6, 26)), (136, (23, 24)), (136, (6, 30)), (136, (31, 4)), (136, (43, 14)), (136, (35, 18)), (136, (34, 19)), (136, (33, 22)), (136, (52, 24))]
[(134, (62, 28)), (136, (3, 20)), (136, (6, 26)), (136, (6, 28)), (136, (34, 26)), (136, (33, 22)), (136, (23, 24)), (136, (6, 30)), (136, (31, 4)), (136, (43, 14)), (136, (35, 18)), (136, (34, 19)), (136, (52, 24))]
[(134, (62, 27)), (136, (6, 28)), (136, (3, 20)), (136, (6, 30)), (136, (34, 26)), (136, (6, 26)), (136, (23, 24)), (136, (52, 24)), (136, (31, 4)), (136, (43, 14)), (136, (35, 18)), (136, (34, 19)), (136, (33, 22))]
[(134, (62, 26)), (136, (6, 28)), (136, (3, 20)), (136, (6, 30)), (136, (34, 26)), (136, (6, 26)), (136, (23, 24)), (136, (52, 24)), (136, (31, 4)), (136, (43, 14)), (136, (35, 18)), (136, (34, 19)), (136, (33, 22))]
[(134, (62, 25)), (136, (6, 28)), (136, (3, 20)), (136, (6, 30)), (136, (34, 26)), (136, (33, 22)), (136, (6, 26)), (136, (52, 24)), (136, (31, 4)), (136, (43, 14)), (136, (35, 18)), (136, (34, 19)), (136, (63, 26)), (136, (23, 24))]
[(134, (61, 25)), (136, (3, 20)), (136, (6, 26)), (136, (6, 28)), (136, (34, 26)), (136, (33, 22)), (136, (23, 24)), (136, (6, 30)), (136, (31, 4)), (136, (43, 14)), (136, (35, 18)), (136, (34, 19)), (136, (63, 26)), (136, (63, 25)), (136, (62, 24)), (136, (52, 24))]
