(15, 21)
(26, 21)
(38, 23)
(7, 17)
(18, 17)
(18, 26)
(7, 26)
(27, 4)
(8, 0)
(19, 0)
(27, 13)
(30, 0)
(8, 9)
(19, 9)
(30, 9)
(0, 5)
(11, 5)
(8, 18)
(19, 18)
(30, 18)
(11, 14)
(0, 14)
(11, 23)
(0, 23)
(33, 20)
(10, 27)
(33, 29)
(25, 25)
(4, 2)
(34, 3)
(22, 10)
(34, 12)
(3, 6)
(37, 8)
(22, 19)
(34, 21)
(3, 15)
(14, 15)
(22, 28)
(37, 17)
(14, 24)
(3, 24)
(15, 7)
(26, 7)
(38, 9)
(7, 3)
(18, 3)
(15, 16)
(26, 16)
(38, 18)
(7, 12)
(18, 12)
(15, 25)
(26, 25)
(7, 21)
(18, 21)
(27, 8)
(29, 27)
(8, 4)
(19, 4)
(30, 4)
(0, 0)
(11, 0)
(30, 13)
(11, 9)
(0, 9)
(33, 6)
(32, 23)
(33, 15)
(25, 11)
(10, 22)
(33, 24)
(25, 20)
(25, 29)
(2, 27)
(22, 5)
(34, 7)
(3, 1)
(14, 1)
(22, 14)
(34, 16)
(37, 3)
(3, 10)
(14, 10)
(22, 23)
(37, 12)
(34, 25)
(14, 19)
(3, 19)
(37, 21)
(14, 28)
(3, 28)
(15, 2)
(26, 2)
(38, 4)
(15, 11)
(26, 11)
(7, 7)
(18, 7)
(26, 20)
(7, 16)
(18, 16)
(29, 13)
(29, 22)
(21, 18)
(6, 29)
(21, 27)
(11, 4)
(33, 1)
(10, 8)
(33, 10)
(25, 6)
(10, 17)
(33, 19)
(2, 13)
(25, 15)
(10, 26)
(33, 28)
(2, 22)
(25, 24)
(22, 0)
(34, 2)
(22, 9)
(34, 11)
(3, 5)
(14, 5)
(22, 18)
(37, 7)
(3, 14)
(14, 14)
(22, 27)
(37, 16)
(14, 23)
(3, 23)
(36, 29)
(15, 6)
(26, 6)
(17, 25)
(7, 2)
(18, 2)
(28, 25)
(7, 11)
(18, 11)
(29, 8)
(6, 15)
(29, 17)
(21, 13)
(6, 24)
(29, 26)
(21, 22)
(10, 3)
(33, 5)
(25, 1)
(10, 12)
(33, 14)
(2, 8)
(25, 10)
(10, 21)
(33, 23)
(2, 17)
(25, 19)
(25, 28)
(2, 26)
(22, 4)
(34, 6)
(3, 0)
(14, 0)
(22, 13)
(37, 2)
(3, 9)
(14, 9)
(37, 11)
(14, 18)
(3, 18)
(36, 15)
(36, 24)
(26, 1)
(17, 20)
(28, 20)
(17, 29)
(28, 29)
(5, 27)
(9, 25)
(29, 3)
(6, 10)
(29, 12)
(21, 8)
(6, 19)
(29, 21)
(21, 17)
(6, 28)
(21, 26)
(33, 0)
(10, 7)
(33, 9)
(2, 3)
(25, 5)
(10, 16)
(33, 18)
(2, 12)
(25, 14)
(10, 25)
(2, 21)
(32, 22)
(22, 8)
(13, 27)
(24, 27)
(3, 4)
(14, 4)
(35, 27)
(36, 1)
(36, 10)
(17, 6)
(28, 6)
(36, 19)
(17, 15)
(28, 15)
(36, 28)
(9, 11)
(17, 24)
(5, 22)
(28, 24)
(9, 20)
(9, 29)
(6, 5)
(29, 7)
(21, 3)
(6, 14)
(29, 16)
(21, 12)
(6, 23)
(29, 25)
(21, 21)
(39, 29)
(10, 2)
(33, 4)
(25, 0)
(10, 11)
(2, 7)
(25, 9)
(32, 8)
(2, 16)
(32, 17)
(13, 13)
(24, 13)
(32, 26)
(13, 22)
(24, 22)
(35, 22)
(16, 18)
(1, 29)
(16, 27)
(36, 5)
(17, 1)
(28, 1)
(36, 14)
(17, 10)
(5, 8)
(28, 10)
(9, 6)
(36, 23)
(5, 17)
(17, 19)
(28, 19)
(9, 15)
(5, 26)
(17, 28)
(28, 28)
(9, 24)
(6, 0)
(29, 2)
(6, 9)
(29, 11)
(21, 7)
(6, 18)
(21, 16)
(39, 24)
(20, 20)
(20, 29)
(31, 29)
(10, 6)
(12, 25)
(23, 25)
(2, 2)
(32, 3)
(2, 11)
(32, 12)
(13, 8)
(24, 8)
(35, 8)
(32, 21)
(13, 17)
(1, 15)
(24, 17)
(16, 13)
(35, 17)
(13, 26)
(1, 24)
(24, 26)
(16, 22)
(35, 26)
(36, 0)
(36, 9)
(5, 3)
(17, 5)
(28, 5)
(9, 1)
(36, 18)
(5, 12)
(17, 14)
(28, 14)
(9, 10)
(17, 23)
(5, 21)
(28, 23)
(9, 19)
(9, 28)
(6, 4)
(29, 6)
(21, 2)
(6, 13)
(39, 10)
(39, 19)
(20, 15)
(31, 15)
(39, 28)
(20, 24)
(31, 24)
(12, 20)
(23, 20)
(23, 29)
(12, 29)
(4, 25)
(32, 7)
(13, 3)
(24, 3)
(32, 16)
(35, 3)
(1, 10)
(13, 12)
(24, 12)
(16, 8)
(35, 12)
(1, 19)
(13, 21)
(24, 21)
(16, 17)
(32, 25)
(1, 28)
(35, 21)
(16, 26)
(36, 4)
(17, 0)
(28, 0)
(36, 13)
(5, 7)
(17, 9)
(28, 9)
(9, 5)
(5, 16)
(28, 18)
(9, 14)
(5, 25)
(27, 22)
(8, 27)
(19, 27)
(30, 27)
(39, 5)
(20, 1)
(31, 1)
(39, 14)
(20, 10)
(31, 10)
(39, 23)
(12, 6)
(23, 6)
(20, 19)
(31, 19)
(12, 15)
(23, 15)
(20, 28)
(4, 11)
(31, 28)
(12, 24)
(23, 24)
(4, 20)
(32, 2)
(32, 11)
(4, 29)
(1, 5)
(13, 7)
(24, 7)
(16, 3)
(32, 20)
(13, 16)
(1, 14)
(24, 16)
(16, 12)
(35, 7)
(1, 23)
(24, 25)
(35, 16)
(16, 21)
(35, 25)
(35, 14)
(5, 2)
(17, 4)
(28, 4)
(9, 0)
(5, 11)
(9, 9)
(27, 17)
(8, 13)
(19, 13)
(27, 26)
(8, 22)
(19, 22)
(30, 22)
(11, 18)
(0, 18)
(11, 27)
(0, 27)
(39, 9)
(20, 5)
(31, 5)
(39, 18)
(12, 1)
(23, 1)
(20, 14)
(31, 14)
(39, 27)
(12, 10)
(23, 10)
(20, 23)
(4, 6)
(31, 23)
(12, 19)
(23, 19)
(4, 15)
(12, 28)
(23, 28)
(4, 24)
(32, 6)
(1, 0)
(13, 2)
(24, 2)
(35, 2)
(1, 9)
(13, 11)
(24, 11)
(16, 7)
(35, 11)
(1, 18)
(16, 16)
(38, 13)
(15, 20)
(38, 22)
(15, 29)
(26, 29)
(5, 6)
(18, 25)
(7, 25)
(27, 3)
(27, 12)
(19, 8)
(8, 8)
(30, 8)
(0, 4)
(27, 21)
(8, 17)
(19, 17)
(30, 17)
(11, 13)
(0, 13)
(19, 26)
(8, 26)
(30, 26)
(11, 22)
(0, 22)
(39, 4)
(20, 0)
(31, 0)
(39, 13)
(20, 9)
(31, 9)
(39, 22)
(12, 5)
(23, 5)
(20, 18)
(4, 1)
(31, 18)
(12, 14)
(23, 14)
(4, 10)
(12, 23)
(23, 23)
(4, 19)
(32, 1)
(34, 20)
(4, 28)
(34, 29)
(1, 4)
(24, 6)
(35, 6)
(16, 2)
(37, 25)
(1, 13)
(38, 8)
(15, 15)
(26, 15)
(38, 17)
(15, 24)
(26, 24)
(38, 26)
(7, 20)
(18, 20)
(7, 29)
(18, 29)
(27, 7)
(8, 3)
(19, 3)
(30, 3)
(27, 16)
(8, 12)
(19, 12)
(30, 12)
(11, 8)
(0, 8)
(8, 21)
(19, 21)
(27, 25)
(11, 17)
(0, 17)
(30, 21)
(11, 26)
(0, 26)
(39, 8)
(20, 4)
(31, 4)
(12, 0)
(23, 0)
(20, 13)
(31, 13)
(12, 9)
(23, 9)
(4, 5)
(23, 18)
(4, 14)
(34, 15)
(22, 22)
(34, 24)
(37, 20)
(14, 27)
(3, 27)
(15, 1)
(38, 3)
(15, 10)
(26, 10)
(38, 12)
(7, 6)
(18, 6)
(15, 19)
(26, 19)
(38, 21)
(7, 15)
(18, 15)
(15, 28)
(26, 28)
(7, 24)
(18, 24)
(27, 2)
(27, 11)
(19, 7)
(8, 7)
(30, 7)
(0, 3)
(11, 3)
(8, 16)
(19, 16)
(30, 16)
(11, 12)
(0, 12)
(19, 25)
(27, 20)
(30, 25)
(11, 21)
(0, 21)
(33, 27)
(12, 4)
(23, 4)
(25, 23)
(4, 0)
(34, 1)
(4, 9)
(34, 10)
(37, 6)
(22, 17)
(34, 19)
(3, 13)
(14, 13)
(22, 26)
(34, 28)
(37, 15)
(14, 22)
(3, 22)
(37, 24)
(15, 5)
(26, 5)
(38, 7)
(7, 1)
(18, 1)
(15, 14)
(26, 14)
(38, 16)
(7, 10)
(18, 10)
(15, 23)
(26, 23)
(7, 19)
(18, 19)
(7, 28)
(18, 28)
(27, 6)
(8, 2)
(19, 2)
(30, 2)
(8, 11)
(19, 11)
(30, 11)
(11, 7)
(0, 7)
(11, 16)
(0, 16)
(33, 13)
(10, 20)
(33, 22)
(25, 18)
(10, 29)
(25, 27)
(2, 25)
(22, 3)
(34, 5)
(37, 1)
(22, 12)
(34, 14)
(3, 8)
(14, 8)
(22, 21)
(37, 10)
(34, 23)
(3, 17)
(14, 17)
(37, 19)
(14, 26)
(3, 26)
(15, 0)
(26, 0)
(38, 2)
(15, 9)
(26, 9)
(38, 11)
(7, 5)
(18, 5)
(15, 18)
(26, 18)
(7, 14)
(18, 14)
(7, 23)
(18, 23)
(27, 1)
(29, 20)
(6, 27)
(29, 29)
(19, 6)
(21, 25)
(30, 6)
(0, 2)
(11, 2)
(33, 8)
(25, 4)
(10, 15)
(33, 17)
(25, 13)
(10, 24)
(33, 26)
(2, 20)
(25, 22)
(34, 0)
(2, 29)
(22, 7)
(34, 9)
(3, 3)
(14, 3)
(22, 16)
(34, 18)
(37, 5)
(3, 12)
(14, 12)
(22, 25)
(37, 14)
(14, 21)
(3, 21)
(37, 23)
(36, 27)
(15, 4)
(26, 4)
(7, 0)
(18, 0)
(15, 13)
(26, 13)
(7, 9)
(18, 9)
(18, 18)
(29, 15)
(21, 11)
(6, 22)
(29, 24)
(21, 20)
(21, 29)
(10, 1)
(33, 3)
(10, 10)
(33, 12)
(2, 6)
(25, 8)
(7, 8)
(10, 19)
(33, 21)
(2, 15)
(25, 17)
(10, 28)
(25, 26)
(2, 24)
(22, 2)
(34, 4)
(37, 0)
(22, 11)
(3, 7)
(14, 7)
(22, 20)
(37, 9)
(3, 16)
(14, 16)
(14, 25)
(3, 25)
(36, 22)
(17, 18)
(17, 27)
(28, 27)
(7, 4)
(18, 4)
(9, 23)
(29, 1)
(26, 12)
(6, 8)
(29, 10)
(21, 6)
(6, 17)
(29, 19)
(21, 15)
(6, 26)
(29, 28)
(21, 24)
(10, 5)
(33, 7)
(2, 1)
(25, 3)
(10, 14)
(33, 16)
(2, 10)
(25, 12)
(10, 23)
(2, 19)
(25, 21)
(2, 28)
(32, 29)
(22, 6)
(13, 25)
(3, 2)
(14, 2)
(37, 4)
(3, 11)
(14, 11)
(36, 8)
(36, 17)
(17, 13)
(28, 13)
(36, 26)
(5, 20)
(17, 22)
(28, 22)
(9, 18)
(5, 29)
(9, 27)
(27, 18)
(6, 3)
(29, 5)
(21, 1)
(6, 12)
(29, 14)
(21, 10)
(6, 21)
(29, 23)
(21, 19)
(21, 28)
(10, 0)
(33, 2)
(10, 9)
(33, 11)
(2, 5)
(25, 7)
(10, 18)
(2, 14)
(32, 15)
(25, 16)
(2, 23)
(32, 24)
(22, 1)
(13, 20)
(24, 20)
(35, 20)
(13, 29)
(24, 29)
(14, 6)
(16, 25)
(1, 27)
(35, 29)
(36, 3)
(36, 12)
(17, 8)
(28, 8)
(36, 21)
(9, 4)
(5, 15)
(17, 17)
(28, 17)
(9, 13)
(5, 24)
(17, 26)
(28, 26)
(9, 22)
(29, 0)
(6, 7)
(29, 9)
(21, 5)
(6, 16)
(29, 18)
(21, 14)
(6, 25)
(21, 23)
(20, 27)
(31, 27)
(10, 4)
(2, 0)
(25, 2)
(10, 13)
(2, 9)
(32, 10)
(13, 6)
(2, 18)
(32, 19)
(13, 15)
(24, 15)
(32, 28)
(16, 11)
(35, 15)
(1, 22)
(13, 24)
(24, 24)
(16, 20)
(35, 24)
(16, 29)
(36, 7)
(5, 1)
(17, 3)
(28, 3)
(36, 16)
(5, 10)
(17, 12)
(28, 12)
(9, 8)
(36, 25)
(5, 19)
(17, 21)
(28, 21)
(9, 17)
(5, 28)
(9, 26)
(6, 2)
(29, 4)
(21, 0)
(6, 11)
(21, 9)
(6, 20)
(39, 17)
(39, 26)
(20, 22)
(31, 22)
(12, 18)
(12, 27)
(23, 27)
(2, 4)
(4, 23)
(32, 5)
(13, 1)
(24, 1)
(32, 14)
(35, 1)
(1, 8)
(13, 10)
(24, 10)
(16, 6)
(35, 10)
(1, 17)
(13, 19)
(24, 19)
(16, 15)
(35, 19)
(13, 28)
(1, 26)
(24, 28)
(16, 24)
(35, 28)
(36, 2)
(36, 11)
(5, 5)
(17, 7)
(28, 7)
(9, 3)
(38, 14)
(5, 14)
(17, 16)
(28, 16)
(9, 12)
(36, 20)
(5, 23)
(9, 21)
(27, 29)
(6, 6)
(8, 25)
(21, 4)
(39, 3)
(39, 12)
(20, 8)
(31, 8)
(39, 21)
(20, 17)
(31, 17)
(12, 13)
(23, 13)
(20, 26)
(31, 26)
(12, 22)
(23, 22)
(4, 18)
(32, 0)
(32, 9)
(4, 27)
(1, 3)
(13, 5)
(24, 5)
(16, 1)
(32, 18)
(1, 12)
(13, 14)
(24, 14)
(16, 10)
(32, 27)
(13, 23)
(1, 21)
(24, 23)
(16, 19)
(35, 23)
(16, 28)
(36, 6)
(38, 25)
(5, 0)
(17, 2)
(28, 2)
(5, 9)
(17, 11)
(28, 11)
(9, 7)
(5, 18)
(9, 16)
(27, 15)
(27, 24)
(6, 1)
(8, 20)
(19, 20)
(30, 20)
(8, 29)
(19, 29)
(30, 29)
(11, 25)
(0, 25)
(39, 7)
(20, 3)
(31, 3)
(39, 16)
(20, 12)
(31, 12)
(39, 25)
(12, 8)
(23, 8)
(20, 21)
(4, 4)
(31, 21)
(12, 17)
(23, 17)
(4, 13)
(12, 26)
(23, 26)
(4, 22)
(32, 4)
(13, 0)
(24, 0)
(32, 13)
(35, 0)
(1, 7)
(13, 9)
(24, 9)
(16, 5)
(35, 9)
(13, 18)
(1, 16)
(24, 18)
(16, 14)
(35, 18)
(1, 25)
(16, 23)
(35, 5)
(38, 20)
(15, 27)
(26, 27)
(5, 4)
(9, 2)
(5, 13)
(27, 10)
(8, 6)
(27, 19)
(8, 15)
(19, 15)
(30, 15)
(11, 11)
(0, 11)
(8, 24)
(19, 24)
(27, 28)
(11, 20)
(0, 20)
(30, 24)
(11, 29)
(0, 29)
(39, 11)
(20, 7)
(31, 7)
(39, 20)
(12, 3)
(23, 3)
(20, 16)
(31, 16)
(12, 12)
(23, 12)
(20, 25)
(4, 8)
(31, 25)
(12, 21)
(23, 21)
(4, 17)
(4, 26)
(34, 27)
(1, 2)
(13, 4)
(24, 4)
(16, 0)
(35, 4)
(1, 11)
(35, 13)
(16, 9)
(1, 20)
(38, 6)
(38, 15)
(15, 22)
(26, 22)
(38, 24)
(7, 18)
(7, 27)
(18, 27)
(27, 5)
(8, 1)
(19, 1)
(27, 14)
(30, 1)
(8, 10)
(19, 10)
(30, 10)
(0, 6)
(11, 6)
(8, 19)
(19, 19)
(27, 23)
(11, 15)
(0, 15)
(8, 28)
(19, 28)
(30, 19)
(11, 24)
(0, 24)
(30, 28)
(20, 2)
(31, 2)
(39, 15)
(39, 6)
(20, 11)
(31, 11)
(12, 7)
(23, 7)
(31, 20)
(4, 3)
(12, 16)
(23, 16)
(4, 12)
(34, 13)
(4, 21)
(34, 22)
(37, 18)
(22, 29)
(1, 6)
(16, 4)
(15, 8)
(26, 8)
(38, 10)
(15, 17)
(26, 17)
(38, 19)
(7, 13)
(18, 13)
(15, 26)
(26, 26)
(38, 28)
(7, 22)
(18, 22)
(27, 0)
(27, 9)
(19, 5)
(8, 5)
(30, 5)
(0, 1)
(11, 1)
(8, 14)
(19, 14)
(30, 14)
(11, 10)
(0, 10)
(8, 23)
(19, 23)
(27, 27)
(11, 19)
(0, 19)
(30, 23)
(11, 28)
(0, 28)
(20, 6)
(31, 6)
(33, 25)
(12, 2)
(23, 2)
(12, 11)
(23, 11)
(4, 7)
(34, 8)
(4, 16)
(22, 15)
(34, 17)
(37, 13)
(22, 24)
(34, 26)
(1, 1)
(14, 20)
(3, 20)
(37, 22)
(14, 29)
(3, 29)
(15, 3)
(26, 3)
(38, 5)
(15, 12)
(18, 8)
